0,0,255,100,30
1,0,255,100,30
2,0,255,100,30
3,0,255,100,30
4,0,255,100,30
5,0,255,100,30
6,0,255,100,30
7,0,255,100,30
8,0,255,100,30
9,0,255,100,30
10,0,255,100,30
11,0,255,100,30
12,0,255,100,30
13,0,255,100,30
14,0,255,100,30
15,0,255,100,30
16,0,255,100,30
17,0,255,100,30
18,0,255,100,30
19,0,255,100,30
20,0,255,100,30
21,0,255,100,30
22,0,255,100,30
23,0,255,100,30
24,0,255,100,30
25,0,255,100,30
26,0,255,100,30
27,0,255,100,30
28,0,255,100,30
29,0,255,100,30
30,0,255,100,30
31,0,255,100,30
32,0,255,100,30
33,0,255,100,30
34,0,255,100,30
35,0,255,100,30
36,0,255,100,30
37,0,255,100,30
38,0,255,100,30
39,0,255,100,30
40,0,255,100,30
41,0,255,100,30
42,0,255,100,30
43,0,255,100,30
44,0,255,100,30
45,0,255,255,220
46,0,255,100,30
47,0,255,100,30
48,0,255,100,30
49,0,255,100,30
50,0,255,100,30
51,0,255,100,30
52,0,255,100,30
53,0,255,100,30
54,0,255,100,30
55,0,255,100,30
56,0,255,100,30
57,0,255,100,30
58,0,255,100,30
59,0,255,100,30
60,0,255,100,30
61,0,255,100,30
62,0,255,100,30
63,0,255,100,30
0,1,252,98,34
1,1,252,98,34
2,1,255,255,220
3,1,252,98,34
4,1,252,98,34
5,1,252,98,34
6,1,252,98,34
7,1,252,98,34
8,1,252,98,34
9,1,252,98,34
10,1,252,98,34
11,1,252,98,34
12,1,252,98,34
13,1,252,98,34
14,1,252,98,34
15,1,252,98,34
16,1,252,98,34
17,1,252,98,34
18,1,252,98,34
19,1,252,98,34
20,1,252,98,34
21,1,252,98,34
22,1,252,98,34
23,1,252,98,34
24,1,252,98,34
25,1,252,98,34
26,1,255,255,220
27,1,252,98,34
28,1,252,98,34
29,1,252,98,34
30,1,252,98,34
31,1,252,98,34
32,1,252,98,34
33,1,252,98,34
34,1,252,98,34
35,1,252,98,34
36,1,252,98,34
37,1,252,98,34
38,1,252,98,34
39,1,252,98,34
40,1,252,98,34
41,1,255,255,220
42,1,252,98,34
43,1,252,98,34
44,1,252,98,34
45,1,252,98,34
46,1,255,255,220
47,1,252,98,34
48,1,252,98,34
49,1,252,98,34
50,1,252,98,34
51,1,252,98,34
52,1,252,98,34
53,1,252,98,34
54,1,252,98,34
55,1,252,98,34
56,1,252,98,34
57,1,252,98,34
58,1,252,98,34
59,1,255,255,220
60,1,252,98,34
61,1,252,98,34
62,1,252,98,34
63,1,252,98,34
0,2,249,97,38
1,2,249,97,38
2,2,249,97,38
3,2,249,97,38
4,2,249,97,38
5,2,249,97,38
6,2,249,97,38
7,2,249,97,38
8,2,249,97,38
9,2,249,97,38
10,2,249,97,38
11,2,249,97,38
12,2,249,97,38
13,2,249,97,38
14,2,249,97,38
15,2,249,97,38
16,2,249,97,38
17,2,249,97,38
18,2,249,97,38
19,2,249,97,38
20,2,249,97,38
21,2,249,97,38
22,2,249,97,38
23,2,249,97,38
24,2,249,97,38
25,2,249,97,38
26,2,249,97,38
27,2,249,97,38
28,2,249,97,38
29,2,249,97,38
30,2,249,97,38
31,2,249,97,38
32,2,249,97,38
33,2,249,97,38
34,2,249,97,38
35,2,249,97,38
36,2,249,97,38
37,2,255,255,220
38,2,249,97,38
39,2,249,97,38
40,2,249,97,38
41,2,255,255,220
42,2,249,97,38
43,2,249,97,38
44,2,249,97,38
45,2,249,97,38
46,2,249,97,38
47,2,249,97,38
48,2,249,97,38
49,2,249,97,38
50,2,249,97,38
51,2,249,97,38
52,2,249,97,38
53,2,249,97,38
54,2,249,97,38
55,2,249,97,38
56,2,249,97,38
57,2,249,97,38
58,2,249,97,38
59,2,249,97,38
60,2,249,97,38
61,2,249,97,38
62,2,249,97,38
63,2,249,97,38
0,3,246,95,41
1,3,246,95,41
2,3,246,95,41
3,3,246,95,41
4,3,246,95,41
5,3,246,95,41
6,3,246,95,41
7,3,246,95,41
8,3,246,95,41
9,3,255,255,220
10,3,246,95,41
11,3,246,95,41
12,3,246,95,41
13,3,246,95,41
14,3,246,95,41
15,3,246,95,41
16,3,246,95,41
17,3,246,95,41
18,3,246,95,41
19,3,246,95,41
20,3,246,95,41
21,3,246,95,41
22,3,246,95,41
23,3,246,95,41
24,3,246,95,41
25,3,246,95,41
26,3,246,95,41
27,3,246,95,41
28,3,246,95,41
29,3,246,95,41
30,3,246,95,41
31,3,246,95,41
32,3,246,95,41
33,3,246,95,41
34,3,246,95,41
35,3,246,95,41
36,3,246,95,41
37,3,246,95,41
38,3,246,95,41
39,3,246,95,41
40,3,246,95,41
41,3,246,95,41
42,3,246,95,41
43,3,246,95,41
44,3,246,95,41
45,3,246,95,41
46,3,246,95,41
47,3,246,95,41
48,3,246,95,41
49,3,246,95,41
50,3,246,95,41
51,3,246,95,41
52,3,246,95,41
53,3,246,95,41
54,3,246,95,41
55,3,246,95,41
56,3,246,95,41
57,3,246,95,41
58,3,246,95,41
59,3,246,95,41
60,3,246,95,41
61,3,246,95,41
62,3,246,95,41
63,3,246,95,41
0,4,255,255,220
1,4,243,93,45
2,4,243,93,45
3,4,243,93,45
4,4,243,93,45
5,4,243,93,45
6,4,243,93,45
7,4,243,93,45
8,4,243,93,45
9,4,243,93,45
10,4,243,93,45
11,4,243,93,45
12,4,243,93,45
13,4,243,93,45
14,4,243,93,45
15,4,243,93,45
16,4,243,93,45
17,4,243,93,45
18,4,243,93,45
19,4,243,93,45
20,4,243,93,45
21,4,243,93,45
22,4,243,93,45
23,4,243,93,45
24,4,243,93,45
25,4,243,93,45
26,4,243,93,45
27,4,243,93,45
28,4,243,93,45
29,4,243,93,45
30,4,243,93,45
31,4,180,150,100
32,4,243,93,45
33,4,243,93,45
34,4,243,93,45
35,4,255,255,220
36,4,243,93,45
37,4,243,93,45
38,4,243,93,45
39,4,243,93,45
40,4,243,93,45
41,4,243,93,45
42,4,243,93,45
43,4,243,93,45
44,4,243,93,45
45,4,243,93,45
46,4,243,93,45
47,4,243,93,45
48,4,243,93,45
49,4,243,93,45
50,4,243,93,45
51,4,243,93,45
52,4,243,93,45
53,4,243,93,45
54,4,243,93,45
55,4,243,93,45
56,4,243,93,45
57,4,243,93,45
58,4,243,93,45
59,4,255,255,220
60,4,243,93,45
61,4,243,93,45
62,4,243,93,45
63,4,243,93,45
0,5,239,92,49
1,5,239,92,49
2,5,239,92,49
3,5,239,92,49
4,5,239,92,49
5,5,239,92,49
6,5,239,92,49
7,5,239,92,49
8,5,239,92,49
9,5,239,92,49
10,5,239,92,49
11,5,239,92,49
12,5,239,92,49
13,5,239,92,49
14,5,239,92,49
15,5,239,92,49
16,5,239,92,49
17,5,239,92,49
18,5,239,92,49
19,5,239,92,49
20,5,239,92,49
21,5,239,92,49
22,5,239,92,49
23,5,239,92,49
24,5,239,92,49
25,5,239,92,49
26,5,239,92,49
27,5,239,92,49
28,5,239,92,49
29,5,239,92,49
30,5,239,92,49
31,5,180,150,100
32,5,239,92,49
33,5,239,92,49
34,5,239,92,49
35,5,239,92,49
36,5,239,92,49
37,5,239,92,49
38,5,239,92,49
39,5,239,92,49
40,5,239,92,49
41,5,239,92,49
42,5,239,92,49
43,5,239,92,49
44,5,239,92,49
45,5,239,92,49
46,5,239,92,49
47,5,239,92,49
48,5,255,255,220
49,5,239,92,49
50,5,239,92,49
51,5,239,92,49
52,5,239,92,49
53,5,239,92,49
54,5,239,92,49
55,5,239,92,49
56,5,239,92,49
57,5,239,92,49
58,5,239,92,49
59,5,239,92,49
60,5,239,92,49
61,5,239,92,49
62,5,239,92,49
63,5,239,92,49
0,6,236,90,53
1,6,236,90,53
2,6,255,255,220
3,6,236,90,53
4,6,236,90,53
5,6,236,90,53
6,6,236,90,53
7,6,236,90,53
8,6,236,90,53
9,6,236,90,53
10,6,236,90,53
11,6,236,90,53
12,6,236,90,53
13,6,236,90,53
14,6,236,90,53
15,6,236,90,53
16,6,236,90,53
17,6,236,90,53
18,6,236,90,53
19,6,236,90,53
20,6,236,90,53
21,6,236,90,53
22,6,236,90,53
23,6,236,90,53
24,6,236,90,53
25,6,236,90,53
26,6,236,90,53
27,6,236,90,53
28,6,236,90,53
29,6,236,90,53
30,6,236,90,53
31,6,180,150,100
32,6,220,30,30
33,6,236,90,53
34,6,236,90,53
35,6,236,90,53
36,6,236,90,53
37,6,236,90,53
38,6,236,90,53
39,6,236,90,53
40,6,236,90,53
41,6,236,90,53
42,6,255,255,220
43,6,255,200,160
44,6,255,200,160
45,6,255,200,160
46,6,255,200,160
47,6,255,200,160
48,6,255,200,160
49,6,255,200,160
50,6,255,200,160
51,6,236,90,53
52,6,236,90,53
53,6,236,90,53
54,6,236,90,53
55,6,236,90,53
56,6,236,90,53
57,6,236,90,53
58,6,236,90,53
59,6,236,90,53
60,6,236,90,53
61,6,236,90,53
62,6,236,90,53
63,6,236,90,53
0,7,233,88,56
1,7,233,88,56
2,7,233,88,56
3,7,233,88,56
4,7,233,88,56
5,7,233,88,56
6,7,233,88,56
7,7,233,88,56
8,7,233,88,56
9,7,233,88,56
10,7,255,180,60
11,7,233,88,56
12,7,233,88,56
13,7,233,88,56
14,7,233,88,56
15,7,233,88,56
16,7,233,88,56
17,7,233,88,56
18,7,233,88,56
19,7,233,88,56
20,7,233,88,56
21,7,233,88,56
22,7,233,88,56
23,7,233,88,56
24,7,233,88,56
25,7,233,88,56
26,7,233,88,56
27,7,233,88,56
28,7,233,88,56
29,7,233,88,56
30,7,233,88,56
31,7,180,150,100
32,7,220,30,30
33,7,220,30,30
34,7,220,30,30
35,7,233,88,56
36,7,233,88,56
37,7,233,88,56
38,7,233,88,56
39,7,233,88,56
40,7,233,88,56
41,7,255,200,160
42,7,255,200,160
43,7,255,200,160
44,7,255,200,160
45,7,255,200,160
46,7,255,200,160
47,7,255,200,160
48,7,255,200,160
49,7,255,255,220
50,7,255,200,160
51,7,255,200,160
52,7,233,88,56
53,7,233,88,56
54,7,233,88,56
55,7,233,88,56
56,7,233,88,56
57,7,233,88,56
58,7,233,88,56
59,7,233,88,56
60,7,233,88,56
61,7,233,88,56
62,7,233,88,56
63,7,233,88,56
0,8,230,87,60
1,8,230,87,60
2,8,230,87,60
3,8,230,87,60
4,8,230,87,60
5,8,230,87,60
6,8,230,87,60
7,8,255,180,60
8,8,255,180,60
9,8,255,180,60
10,8,255,180,60
11,8,255,180,60
12,8,255,180,60
13,8,255,180,60
14,8,230,87,60
15,8,230,87,60
16,8,230,87,60
17,8,230,87,60
18,8,230,87,60
19,8,230,87,60
20,8,230,87,60
21,8,230,87,60
22,8,230,87,60
23,8,230,87,60
24,8,230,87,60
25,8,230,87,60
26,8,230,87,60
27,8,255,255,220
28,8,230,87,60
29,8,230,87,60
30,8,230,87,60
31,8,180,150,100
32,8,220,30,30
33,8,220,30,30
34,8,220,30,30
35,8,220,30,30
36,8,220,30,30
37,8,230,87,60
38,8,230,87,60
39,8,230,87,60
40,8,230,87,60
41,8,255,200,160
42,8,255,200,160
43,8,255,200,160
44,8,255,200,160
45,8,255,200,160
46,8,255,200,160
47,8,255,200,160
48,8,255,200,160
49,8,255,200,160
50,8,255,200,160
51,8,255,200,160
52,8,230,87,60
53,8,230,87,60
54,8,230,87,60
55,8,230,87,60
56,8,230,87,60
57,8,230,87,60
58,8,230,87,60
59,8,230,87,60
60,8,230,87,60
61,8,230,87,60
62,8,230,87,60
63,8,230,87,60
0,9,227,85,64
1,9,227,85,64
2,9,227,85,64
3,9,227,85,64
4,9,227,85,64
5,9,227,85,64
6,9,255,180,60
7,9,255,180,60
8,9,255,180,60
9,9,255,180,60
10,9,255,220,100
11,9,255,180,60
12,9,255,180,60
13,9,255,180,60
14,9,255,180,60
15,9,227,85,64
16,9,227,85,64
17,9,227,85,64
18,9,255,255,220
19,9,227,85,64
20,9,227,85,64
21,9,255,200,160
22,9,255,200,160
23,9,255,200,160
24,9,255,200,160
25,9,255,200,160
26,9,255,200,160
27,9,255,200,160
28,9,255,200,160
29,9,255,200,160
30,9,227,85,64
31,9,180,150,100
32,9,220,30,30
33,9,220,30,30
34,9,220,30,30
35,9,220,30,30
36,9,220,30,30
37,9,220,30,30
38,9,220,30,30
39,9,227,85,64
40,9,227,85,64
41,9,227,85,64
42,9,255,200,160
43,9,255,200,160
44,9,255,200,160
45,9,255,200,160
46,9,255,200,160
47,9,255,200,160
48,9,255,200,160
49,9,255,200,160
50,9,255,200,160
51,9,227,85,64
52,9,227,85,64
53,9,227,85,64
54,9,227,85,64
55,9,227,85,64
56,9,227,85,64
57,9,227,85,64
58,9,227,85,64
59,9,227,85,64
60,9,227,85,64
61,9,227,85,64
62,9,227,85,64
63,9,227,85,64
0,10,224,83,68
1,10,224,83,68
2,10,224,83,68
3,10,224,83,68
4,10,224,83,68
5,10,255,180,60
6,10,255,180,60
7,10,255,220,100
8,10,255,220,100
9,10,255,220,100
10,10,255,220,100
11,10,255,220,100
12,10,255,220,100
13,10,255,220,100
14,10,255,180,60
15,10,255,180,60
16,10,224,83,68
17,10,224,83,68
18,10,224,83,68
19,10,224,83,68
20,10,224,83,68
21,10,255,200,160
22,10,255,200,160
23,10,255,200,160
24,10,105,95,85
25,10,105,95,85
26,10,255,255,220
27,10,105,95,85
28,10,105,95,85
29,10,255,200,160
30,10,105,95,85
31,10,180,150,100
32,10,220,30,30
33,10,220,30,30
34,10,220,30,30
35,10,220,30,30
36,10,220,30,30
37,10,105,95,85
38,10,224,83,68
39,10,105,95,85
40,10,105,95,85
41,10,224,83,68
42,10,224,83,68
43,10,224,83,68
44,10,224,83,68
45,10,224,83,68
46,10,224,83,68
47,10,224,83,68
48,10,224,83,68
49,10,224,83,68
50,10,224,83,68
51,10,224,83,68
52,10,224,83,68
53,10,224,83,68
54,10,224,83,68
55,10,224,83,68
56,10,224,83,68
57,10,224,83,68
58,10,224,83,68
59,10,224,83,68
60,10,224,83,68
61,10,224,83,68
62,10,224,83,68
63,10,224,83,68
0,11,221,82,71
1,11,221,82,71
2,11,221,82,71
3,11,221,82,71
4,11,255,180,60
5,11,255,180,60
6,11,255,220,100
7,11,255,220,100
8,11,255,220,100
9,11,255,220,100
10,11,255,220,100
11,11,255,220,100
12,11,255,220,100
13,11,255,220,100
14,11,255,220,100
15,11,255,180,60
16,11,255,180,60
17,11,221,82,71
18,11,221,82,71
19,11,221,82,71
20,11,221,82,71
21,11,255,200,160
22,11,255,200,160
23,11,255,200,160
24,11,105,95,85
25,11,105,95,85
26,11,255,200,160
27,11,105,95,85
28,11,105,95,85
29,11,255,200,160
30,11,105,95,85
31,11,180,150,100
32,11,220,30,30
33,11,220,30,30
34,11,220,30,30
35,11,221,82,71
36,11,105,95,85
37,11,105,95,85
38,11,221,82,71
39,11,105,95,85
40,11,105,95,85
41,11,221,82,71
42,11,221,82,71
43,11,221,82,71
44,11,221,82,71
45,11,221,82,71
46,11,221,82,71
47,11,221,82,71
48,11,221,82,71
49,11,221,82,71
50,11,221,82,71
51,11,221,82,71
52,11,221,82,71
53,11,221,82,71
54,11,221,82,71
55,11,221,82,71
56,11,255,255,220
57,11,221,82,71
58,11,221,82,71
59,11,221,82,71
60,11,221,82,71
61,11,221,82,71
62,11,221,82,71
63,11,221,82,71
0,12,218,80,75
1,12,218,80,75
2,12,218,80,75
3,12,218,80,75
4,12,255,180,60
5,12,255,180,60
6,12,255,220,100
7,12,255,220,100
8,12,255,220,100
9,12,255,220,100
10,12,255,220,100
11,12,255,220,100
12,12,255,220,100
13,12,255,220,100
14,12,255,220,100
15,12,255,180,60
16,12,255,180,60
17,12,218,80,75
18,12,218,80,75
19,12,218,80,75
20,12,218,80,75
21,12,218,80,75
22,12,218,80,75
23,12,218,80,75
24,12,105,95,85
25,12,105,95,85
26,12,115,105,95
27,12,105,95,85
28,12,105,95,85
29,12,115,105,95
30,12,105,95,85
31,12,180,150,100
32,12,220,30,30
33,12,105,95,85
34,12,105,95,85
35,12,115,105,95
36,12,105,95,85
37,12,105,95,85
38,12,115,105,95
39,12,105,95,85
40,12,105,95,85
41,12,218,80,75
42,12,218,80,75
43,12,218,80,75
44,12,218,80,75
45,12,218,80,75
46,12,218,80,75
47,12,218,80,75
48,12,218,80,75
49,12,218,80,75
50,12,218,80,75
51,12,255,200,160
52,12,255,200,160
53,12,255,200,160
54,12,255,200,160
55,12,255,200,160
56,12,255,200,160
57,12,255,200,160
58,12,218,80,75
59,12,218,80,75
60,12,218,80,75
61,12,218,80,75
62,12,218,80,75
63,12,218,80,75
0,13,214,78,79
1,13,214,78,79
2,13,214,78,79
3,13,214,78,79
4,13,255,180,60
5,13,255,180,60
6,13,255,220,100
7,13,255,220,100
8,13,255,220,100
9,13,255,220,100
10,13,255,220,100
11,13,255,220,100
12,13,255,220,100
13,13,255,220,100
14,13,255,220,100
15,13,255,180,60
16,13,255,180,60
17,13,214,78,79
18,13,214,78,79
19,13,214,78,79
20,13,214,78,79
21,13,214,78,79
22,13,214,78,79
23,13,214,78,79
24,13,105,95,85
25,13,105,95,85
26,13,115,105,95
27,13,105,95,85
28,13,105,95,85
29,13,115,105,95
30,13,105,95,85
31,13,180,150,100
32,13,115,105,95
33,13,105,95,85
34,13,105,95,85
35,13,115,105,95
36,13,105,95,85
37,13,105,95,85
38,13,115,105,95
39,13,105,95,85
40,13,105,95,85
41,13,214,78,79
42,13,214,78,79
43,13,214,78,79
44,13,214,78,79
45,13,214,78,79
46,13,214,78,79
47,13,214,78,79
48,13,214,78,79
49,13,214,78,79
50,13,214,78,79
51,13,255,200,160
52,13,255,200,160
53,13,255,200,160
54,13,255,200,160
55,13,255,200,160
56,13,255,200,160
57,13,255,200,160
58,13,214,78,79
59,13,214,78,79
60,13,214,78,79
61,13,214,78,79
62,13,214,78,79
63,13,214,78,79
0,14,211,77,83
1,14,211,77,83
2,14,211,77,83
3,14,255,180,60
4,14,255,180,60
5,14,255,220,100
6,14,255,220,100
7,14,255,220,100
8,14,255,220,100
9,14,255,220,100
10,14,255,220,100
11,14,255,220,100
12,14,255,220,100
13,14,255,220,100
14,14,255,220,100
15,14,255,220,100
16,14,255,180,60
17,14,255,180,60
18,14,211,77,83
19,14,211,77,83
20,14,211,77,83
21,14,211,77,83
22,14,211,77,83
23,14,211,77,83
24,14,95,85,75
25,14,95,85,75
26,14,95,85,75
27,14,95,85,75
28,14,95,85,75
29,14,95,85,75
30,14,95,85,75
31,14,95,85,75
32,14,95,85,75
33,14,95,85,75
34,14,95,85,75
35,14,95,85,75
36,14,95,85,75
37,14,95,85,75
38,14,95,85,75
39,14,95,85,75
40,14,211,77,83
41,14,211,77,83
42,14,211,77,83
43,14,211,77,83
44,14,211,77,83
45,14,211,77,83
46,14,211,77,83
47,14,211,77,83
48,14,211,77,83
49,14,211,77,83
50,14,211,77,83
51,14,211,77,83
52,14,211,77,83
53,14,211,77,83
54,14,211,77,83
55,14,211,77,83
56,14,211,77,83
57,14,211,77,83
58,14,211,77,83
59,14,211,77,83
60,14,211,77,83
61,14,211,77,83
62,14,211,77,83
63,14,211,77,83
0,15,208,75,86
1,15,208,75,86
2,15,208,75,86
3,15,208,75,86
4,15,255,180,60
5,15,255,180,60
6,15,255,220,100
7,15,255,220,100
8,15,255,220,100
9,15,255,220,100
10,15,255,220,100
11,15,255,220,100
12,15,255,220,100
13,15,255,220,100
14,15,255,220,100
15,15,255,180,60
16,15,255,180,60
17,15,208,75,86
18,15,208,75,86
19,15,208,75,86
20,15,208,75,86
21,15,208,75,86
22,15,208,75,86
23,15,208,75,86
24,15,95,85,75
25,15,95,85,75
26,15,95,85,75
27,15,95,85,75
28,15,95,85,75
29,15,95,85,75
30,15,95,85,75
31,15,95,85,75
32,15,95,85,75
33,15,95,85,75
34,15,95,85,75
35,15,95,85,75
36,15,95,85,75
37,15,95,85,75
38,15,95,85,75
39,15,95,85,75
40,15,208,75,86
41,15,208,75,86
42,15,208,75,86
43,15,208,75,86
44,15,208,75,86
45,15,208,75,86
46,15,208,75,86
47,15,208,75,86
48,15,208,75,86
49,15,208,75,86
50,15,208,75,86
51,15,208,75,86
52,15,208,75,86
53,15,208,75,86
54,15,208,75,86
55,15,208,75,86
56,15,208,75,86
57,15,208,75,86
58,15,208,75,86
59,15,208,75,86
60,15,208,75,86
61,15,208,75,86
62,15,208,75,86
63,15,208,75,86
0,16,205,73,90
1,16,205,73,90
2,16,205,73,90
3,16,205,73,90
4,16,255,180,60
5,16,100,90,80
6,16,100,90,80
7,16,255,220,100
8,16,100,90,80
9,16,100,90,80
10,16,255,220,100
11,16,100,90,80
12,16,100,90,80
13,16,255,220,100
14,16,100,90,80
15,16,100,90,80
16,16,255,180,60
17,16,205,73,90
18,16,205,73,90
19,16,205,73,90
20,16,205,73,90
21,16,205,73,90
22,16,205,73,90
23,16,205,73,90
24,16,95,85,75
25,16,95,85,75
26,16,95,85,75
27,16,95,85,75
28,16,95,85,75
29,16,95,85,75
30,16,95,85,75
31,16,95,85,75
32,16,95,85,75
33,16,95,85,75
34,16,95,85,75
35,16,95,85,75
36,16,95,85,75
37,16,95,85,75
38,16,95,85,75
39,16,95,85,75
40,16,205,73,90
41,16,205,73,90
42,16,205,73,90
43,16,205,73,90
44,16,205,73,90
45,16,205,73,90
46,16,205,73,90
47,16,100,90,80
48,16,100,90,80
49,16,205,73,90
50,16,100,90,80
51,16,100,90,80
52,16,205,73,90
53,16,100,90,80
54,16,100,90,80
55,16,205,73,90
56,16,100,90,80
57,16,100,90,80
58,16,205,73,90
59,16,205,73,90
60,16,205,73,90
61,16,205,73,90
62,16,205,73,90
63,16,205,73,90
0,17,202,72,94
1,17,202,72,94
2,17,202,72,94
3,17,202,72,94
4,17,255,180,60
5,17,100,90,80
6,17,100,90,80
7,17,255,220,100
8,17,100,90,80
9,17,100,90,80
10,17,255,220,100
11,17,100,90,80
12,17,100,90,80
13,17,255,220,100
14,17,100,90,80
15,17,100,90,80
16,17,255,180,60
17,17,202,72,94
18,17,202,72,94
19,17,202,72,94
20,17,202,72,94
21,17,202,72,94
22,17,202,72,94
23,17,202,72,94
24,17,95,85,75
25,17,95,85,75
26,17,95,85,75
27,17,95,85,75
28,17,95,85,75
29,17,95,85,75
30,17,95,85,75
31,17,95,85,75
32,17,95,85,75
33,17,95,85,75
34,17,95,85,75
35,17,95,85,75
36,17,95,85,75
37,17,95,85,75
38,17,95,85,75
39,17,95,85,75
40,17,202,72,94
41,17,202,72,94
42,17,202,72,94
43,17,202,72,94
44,17,202,72,94
45,17,202,72,94
46,17,202,72,94
47,17,100,90,80
48,17,100,90,80
49,17,202,72,94
50,17,100,90,80
51,17,100,90,80
52,17,202,72,94
53,17,100,90,80
54,17,100,90,80
55,17,202,72,94
56,17,100,90,80
57,17,100,90,80
58,17,202,72,94
59,17,202,72,94
60,17,202,72,94
61,17,202,72,94
62,17,202,72,94
63,17,202,72,94
0,18,199,70,98
1,18,199,70,98
2,18,199,70,98
3,18,199,70,98
4,18,199,70,98
5,18,100,90,80
6,18,100,90,80
7,18,110,100,90
8,18,100,90,80
9,18,100,90,80
10,18,110,100,90
11,18,100,90,80
12,18,100,90,80
13,18,110,100,90
14,18,100,90,80
15,18,100,90,80
16,18,110,100,90
17,18,199,70,98
18,18,199,70,98
19,18,199,70,98
20,18,199,70,98
21,18,199,70,98
22,18,199,70,98
23,18,199,70,98
24,18,95,85,75
25,18,95,85,75
26,18,255,200,80
27,18,255,220,100
28,18,95,85,75
29,18,95,85,75
30,18,95,85,75
31,18,95,85,75
32,18,95,85,75
33,18,95,85,75
34,18,255,200,80
35,18,255,220,100
36,18,95,85,75
37,18,95,85,75
38,18,95,85,75
39,18,95,85,75
40,18,199,70,98
41,18,199,70,98
42,18,199,70,98
43,18,199,70,98
44,18,199,70,98
45,18,199,70,98
46,18,199,70,98
47,18,100,90,80
48,18,100,90,80
49,18,110,100,90
50,18,100,90,80
51,18,100,90,80
52,18,110,100,90
53,18,100,90,80
54,18,100,90,80
55,18,110,100,90
56,18,100,90,80
57,18,100,90,80
58,18,110,100,90
59,18,199,70,98
60,18,199,70,98
61,18,199,70,98
62,18,199,70,98
63,18,199,70,98
0,19,196,68,101
1,19,196,68,101
2,19,196,68,101
3,19,196,68,101
4,19,196,68,101
5,19,100,90,80
6,19,100,90,80
7,19,110,100,90
8,19,100,90,80
9,19,100,90,80
10,19,110,100,90
11,19,100,90,80
12,19,100,90,80
13,19,110,100,90
14,19,100,90,80
15,19,100,90,80
16,19,110,100,90
17,19,196,68,101
18,19,196,68,101
19,19,196,68,101
20,19,196,68,101
21,19,196,68,101
22,19,196,68,101
23,19,196,68,101
24,19,95,85,75
25,19,95,85,75
26,19,240,180,60
27,19,95,85,75
28,19,95,85,75
29,19,95,85,75
30,19,95,85,75
31,19,95,85,75
32,19,95,85,75
33,19,95,85,75
34,19,240,180,60
35,19,95,85,75
36,19,95,85,75
37,19,95,85,75
38,19,95,85,75
39,19,95,85,75
40,19,196,68,101
41,19,196,68,101
42,19,196,68,101
43,19,196,68,101
44,19,196,68,101
45,19,196,68,101
46,19,196,68,101
47,19,100,90,80
48,19,100,90,80
49,19,110,100,90
50,19,100,90,80
51,19,100,90,80
52,19,110,100,90
53,19,100,90,80
54,19,100,90,80
55,19,110,100,90
56,19,100,90,80
57,19,100,90,80
58,19,110,100,90
59,19,196,68,101
60,19,196,68,101
61,19,196,68,101
62,19,196,68,101
63,19,196,68,101
0,20,193,67,105
1,20,193,67,105
2,20,193,67,105
3,20,193,67,105
4,20,193,67,105
5,20,90,80,70
6,20,90,80,70
7,20,90,80,70
8,20,90,80,70
9,20,90,80,70
10,20,90,80,70
11,20,90,80,70
12,20,90,80,70
13,20,90,80,70
14,20,90,80,70
15,20,90,80,70
16,20,90,80,70
17,20,193,67,105
18,20,193,67,105
19,20,193,67,105
20,20,193,67,105
21,20,193,67,105
22,20,193,67,105
23,20,193,67,105
24,20,95,85,75
25,20,95,85,75
26,20,95,85,75
27,20,95,85,75
28,20,95,85,75
29,20,95,85,75
30,20,95,85,75
31,20,95,85,75
32,20,95,85,75
33,20,95,85,75
34,20,95,85,75
35,20,95,85,75
36,20,95,85,75
37,20,95,85,75
38,20,95,85,75
39,20,95,85,75
40,20,193,67,105
41,20,193,67,105
42,20,193,67,105
43,20,193,67,105
44,20,193,67,105
45,20,193,67,105
46,20,193,67,105
47,20,90,80,70
48,20,90,80,70
49,20,90,80,70
50,20,90,80,70
51,20,90,80,70
52,20,90,80,70
53,20,90,80,70
54,20,90,80,70
55,20,90,80,70
56,20,90,80,70
57,20,90,80,70
58,20,90,80,70
59,20,193,67,105
60,20,193,67,105
61,20,193,67,105
62,20,193,67,105
63,20,193,67,105
0,21,189,65,109
1,21,189,65,109
2,21,189,65,109
3,21,189,65,109
4,21,189,65,109
5,21,90,80,70
6,21,90,80,70
7,21,90,80,70
8,21,90,80,70
9,21,90,80,70
10,21,90,80,70
11,21,90,80,70
12,21,90,80,70
13,21,90,80,70
14,21,90,80,70
15,21,90,80,70
16,21,90,80,70
17,21,189,65,109
18,21,189,65,109
19,21,189,65,109
20,21,189,65,109
21,21,189,65,109
22,21,189,65,109
23,21,189,65,109
24,21,95,85,75
25,21,95,85,75
26,21,95,85,75
27,21,95,85,75
28,21,95,85,75
29,21,95,85,75
30,21,95,85,75
31,21,95,85,75
32,21,95,85,75
33,21,95,85,75
34,21,95,85,75
35,21,95,85,75
36,21,95,85,75
37,21,95,85,75
38,21,95,85,75
39,21,95,85,75
40,21,189,65,109
41,21,189,65,109
42,21,189,65,109
43,21,189,65,109
44,21,189,65,109
45,21,189,65,109
46,21,189,65,109
47,21,90,80,70
48,21,90,80,70
49,21,90,80,70
50,21,90,80,70
51,21,90,80,70
52,21,90,80,70
53,21,90,80,70
54,21,90,80,70
55,21,90,80,70
56,21,90,80,70
57,21,90,80,70
58,21,90,80,70
59,21,189,65,109
60,21,189,65,109
61,21,189,65,109
62,21,189,65,109
63,21,189,65,109
0,22,186,63,113
1,22,186,63,113
2,22,186,63,113
3,22,186,63,113
4,22,186,63,113
5,22,90,80,70
6,22,90,80,70
7,22,90,80,70
8,22,90,80,70
9,22,255,200,80
10,22,255,220,100
11,22,90,80,70
12,22,90,80,70
13,22,90,80,70
14,22,90,80,70
15,22,90,80,70
16,22,90,80,70
17,22,186,63,113
18,22,186,63,113
19,22,186,63,113
20,22,186,63,113
21,22,186,63,113
22,22,186,63,113
23,22,186,63,113
24,22,95,85,75
25,22,95,85,75
26,22,95,85,75
27,22,95,85,75
28,22,95,85,75
29,22,95,85,75
30,22,95,85,75
31,22,95,85,75
32,22,95,85,75
33,22,95,85,75
34,22,95,85,75
35,22,95,85,75
36,22,95,85,75
37,22,95,85,75
38,22,95,85,75
39,22,95,85,75
40,22,186,63,113
41,22,186,63,113
42,22,186,63,113
43,22,186,63,113
44,22,186,63,113
45,22,186,63,113
46,22,186,63,113
47,22,90,80,70
48,22,90,80,70
49,22,90,80,70
50,22,255,200,80
51,22,255,220,100
52,22,90,80,70
53,22,90,80,70
54,22,90,80,70
55,22,90,80,70
56,22,90,80,70
57,22,90,80,70
58,22,90,80,70
59,22,186,63,113
60,22,186,63,113
61,22,186,63,113
62,22,186,63,113
63,22,186,63,113
0,23,183,62,116
1,23,183,62,116
2,23,183,62,116
3,23,183,62,116
4,23,183,62,116
5,23,90,80,70
6,23,90,80,70
7,23,90,80,70
8,23,90,80,70
9,23,240,180,60
10,23,90,80,70
11,23,90,80,70
12,23,90,80,70
13,23,90,80,70
14,23,90,80,70
15,23,90,80,70
16,23,90,80,70
17,23,183,62,116
18,23,183,62,116
19,23,183,62,116
20,23,183,62,116
21,23,183,62,116
22,23,183,62,116
23,23,183,62,116
24,23,95,85,75
25,23,95,85,75
26,23,95,85,75
27,23,95,85,75
28,23,95,85,75
29,23,95,85,75
30,23,95,85,75
31,23,95,85,75
32,23,95,85,75
33,23,95,85,75
34,23,95,85,75
35,23,95,85,75
36,23,95,85,75
37,23,95,85,75
38,23,95,85,75
39,23,95,85,75
40,23,183,62,116
41,23,183,62,116
42,23,183,62,116
43,23,183,62,116
44,23,183,62,116
45,23,183,62,116
46,23,183,62,116
47,23,90,80,70
48,23,90,80,70
49,23,90,80,70
50,23,240,180,60
51,23,90,80,70
52,23,90,80,70
53,23,90,80,70
54,23,90,80,70
55,23,90,80,70
56,23,90,80,70
57,23,90,80,70
58,23,90,80,70
59,23,183,62,116
60,23,183,62,116
61,23,183,62,116
62,23,183,62,116
63,23,183,62,116
0,24,180,60,120
1,24,180,60,120
2,24,180,60,120
3,24,180,60,120
4,24,180,60,120
5,24,90,80,70
6,24,90,80,70
7,24,90,80,70
8,24,90,80,70
9,24,90,80,70
10,24,90,80,70
11,24,90,80,70
12,24,90,80,70
13,24,90,80,70
14,24,90,80,70
15,24,90,80,70
16,24,90,80,70
17,24,180,60,120
18,24,180,60,120
19,24,180,60,120
20,24,180,60,120
21,24,180,60,120
22,24,180,60,120
23,24,180,60,120
24,24,95,85,75
25,24,95,85,75
26,24,255,200,80
27,24,255,220,100
28,24,95,85,75
29,24,95,85,75
30,24,95,85,75
31,24,95,85,75
32,24,95,85,75
33,24,95,85,75
34,24,255,200,80
35,24,255,220,100
36,24,95,85,75
37,24,95,85,75
38,24,95,85,75
39,24,95,85,75
40,24,180,60,120
41,24,180,60,120
42,24,180,60,120
43,24,180,60,120
44,24,180,60,120
45,24,180,60,120
46,24,180,60,120
47,24,90,80,70
48,24,90,80,70
49,24,90,80,70
50,24,90,80,70
51,24,90,80,70
52,24,90,80,70
53,24,90,80,70
54,24,90,80,70
55,24,90,80,70
56,24,90,80,70
57,24,90,80,70
58,24,90,80,70
59,24,180,60,120
60,24,180,60,120
61,24,180,60,120
62,24,180,60,120
63,24,180,60,120
0,25,174,59,118
1,25,174,59,118
2,25,174,59,118
3,25,174,59,118
4,25,174,59,118
5,25,90,80,70
6,25,90,80,70
7,25,90,80,70
8,25,90,80,70
9,25,90,80,70
10,25,90,80,70
11,25,90,80,70
12,25,90,80,70
13,25,90,80,70
14,25,90,80,70
15,25,90,80,70
16,25,90,80,70
17,25,174,59,118
18,25,174,59,118
19,25,174,59,118
20,25,174,59,118
21,25,174,59,118
22,25,174,59,118
23,25,174,59,118
24,25,95,85,75
25,25,95,85,75
26,25,240,180,60
27,25,95,85,75
28,25,95,85,75
29,25,95,85,75
30,25,95,85,75
31,25,95,85,75
32,25,95,85,75
33,25,95,85,75
34,25,240,180,60
35,25,95,85,75
36,25,95,85,75
37,25,95,85,75
38,25,95,85,75
39,25,95,85,75
40,25,174,59,118
41,25,174,59,118
42,25,174,59,118
43,25,174,59,118
44,25,174,59,118
45,25,174,59,118
46,25,174,59,118
47,25,90,80,70
48,25,90,80,70
49,25,90,80,70
50,25,90,80,70
51,25,90,80,70
52,25,90,80,70
53,25,90,80,70
54,25,90,80,70
55,25,90,80,70
56,25,90,80,70
57,25,90,80,70
58,25,90,80,70
59,25,174,59,118
60,25,174,59,118
61,25,174,59,118
62,25,174,59,118
63,25,174,59,118
0,26,168,58,117
1,26,168,58,117
2,26,168,58,117
3,26,168,58,117
4,26,168,58,117
5,26,90,80,70
6,26,90,80,70
7,26,90,80,70
8,26,90,80,70
9,26,90,80,70
10,26,90,80,70
11,26,90,80,70
12,26,90,80,70
13,26,90,80,70
14,26,90,80,70
15,26,90,80,70
16,26,90,80,70
17,26,110,100,90
18,26,168,58,117
19,26,168,58,117
20,26,110,100,90
21,26,110,100,90
22,26,168,58,117
23,26,168,58,117
24,26,95,85,75
25,26,95,85,75
26,26,95,85,75
27,26,95,85,75
28,26,95,85,75
29,26,95,85,75
30,26,95,85,75
31,26,95,85,75
32,26,95,85,75
33,26,95,85,75
34,26,95,85,75
35,26,95,85,75
36,26,95,85,75
37,26,95,85,75
38,26,95,85,75
39,26,95,85,75
40,26,110,100,90
41,26,110,100,90
42,26,168,58,117
43,26,168,58,117
44,26,110,100,90
45,26,110,100,90
46,26,168,58,117
47,26,90,80,70
48,26,90,80,70
49,26,90,80,70
50,26,90,80,70
51,26,90,80,70
52,26,90,80,70
53,26,90,80,70
54,26,90,80,70
55,26,90,80,70
56,26,90,80,70
57,26,90,80,70
58,26,90,80,70
59,26,168,58,117
60,26,168,58,117
61,26,168,58,117
62,26,168,58,117
63,26,168,58,117
0,27,161,58,115
1,27,161,58,115
2,27,161,58,115
3,27,161,58,115
4,27,161,58,115
5,27,90,80,70
6,27,90,80,70
7,27,90,80,70
8,27,90,80,70
9,27,90,80,70
10,27,90,80,70
11,27,90,80,70
12,27,90,80,70
13,27,90,80,70
14,27,90,80,70
15,27,90,80,70
16,27,90,80,70
17,27,110,100,90
18,27,161,58,115
19,27,161,58,115
20,27,110,100,90
21,27,110,100,90
22,27,161,58,115
23,27,161,58,115
24,27,95,85,75
25,27,95,85,75
26,27,95,85,75
27,27,95,85,75
28,27,95,85,75
29,27,95,85,75
30,27,95,85,75
31,27,95,85,75
32,27,95,85,75
33,27,95,85,75
34,27,95,85,75
35,27,95,85,75
36,27,95,85,75
37,27,95,85,75
38,27,95,85,75
39,27,95,85,75
40,27,110,100,90
41,27,110,100,90
42,27,161,58,115
43,27,161,58,115
44,27,110,100,90
45,27,110,100,90
46,27,161,58,115
47,27,90,80,70
48,27,90,80,70
49,27,90,80,70
50,27,90,80,70
51,27,90,80,70
52,27,90,80,70
53,27,90,80,70
54,27,90,80,70
55,27,90,80,70
56,27,90,80,70
57,27,90,80,70
58,27,90,80,70
59,27,161,58,115
60,27,161,58,115
61,27,161,58,115
62,27,161,58,115
63,27,161,58,115
0,28,155,57,113
1,28,155,57,113
2,28,155,57,113
3,28,155,57,113
4,28,155,57,113
5,28,90,80,70
6,28,90,80,70
7,28,90,80,70
8,28,90,80,70
9,28,90,80,70
10,28,90,80,70
11,28,90,80,70
12,28,90,80,70
13,28,90,80,70
14,28,90,80,70
15,28,90,80,70
16,28,90,80,70
17,28,110,100,90
18,28,120,110,100
19,28,120,110,100
20,28,110,100,90
21,28,110,100,90
22,28,120,110,100
23,28,120,110,100
24,28,95,85,75
25,28,95,85,75
26,28,95,85,75
27,28,95,85,75
28,28,95,85,75
29,28,95,85,75
30,28,95,85,75
31,28,95,85,75
32,28,95,85,75
33,28,95,85,75
34,28,95,85,75
35,28,95,85,75
36,28,95,85,75
37,28,95,85,75
38,28,95,85,75
39,28,95,85,75
40,28,110,100,90
41,28,110,100,90
42,28,120,110,100
43,28,120,110,100
44,28,110,100,90
45,28,110,100,90
46,28,120,110,100
47,28,90,80,70
48,28,90,80,70
49,28,90,80,70
50,28,90,80,70
51,28,90,80,70
52,28,90,80,70
53,28,90,80,70
54,28,90,80,70
55,28,90,80,70
56,28,90,80,70
57,28,90,80,70
58,28,90,80,70
59,28,155,57,113
60,28,155,57,113
61,28,155,57,113
62,28,155,57,113
63,28,155,57,113
0,29,149,56,112
1,29,149,56,112
2,29,149,56,112
3,29,149,56,112
4,29,149,56,112
5,29,90,80,70
6,29,90,80,70
7,29,90,80,70
8,29,90,80,70
9,29,90,80,70
10,29,90,80,70
11,29,90,80,70
12,29,90,80,70
13,29,90,80,70
14,29,90,80,70
15,29,90,80,70
16,29,90,80,70
17,29,110,100,90
18,29,120,110,100
19,29,120,110,100
20,29,110,100,90
21,29,110,100,90
22,29,120,110,100
23,29,120,110,100
24,29,95,85,75
25,29,95,85,75
26,29,95,85,75
27,29,95,85,75
28,29,95,85,75
29,29,95,85,75
30,29,95,85,75
31,29,95,85,75
32,29,95,85,75
33,29,95,85,75
34,29,95,85,75
35,29,95,85,75
36,29,95,85,75
37,29,95,85,75
38,29,95,85,75
39,29,95,85,75
40,29,110,100,90
41,29,110,100,90
42,29,120,110,100
43,29,120,110,100
44,29,110,100,90
45,29,110,100,90
46,29,120,110,100
47,29,90,80,70
48,29,90,80,70
49,29,90,80,70
50,29,90,80,70
51,29,90,80,70
52,29,90,80,70
53,29,90,80,70
54,29,90,80,70
55,29,90,80,70
56,29,90,80,70
57,29,90,80,70
58,29,90,80,70
59,29,149,56,112
60,29,149,56,112
61,29,149,56,112
62,29,149,56,112
63,29,149,56,112
0,30,143,55,110
1,30,143,55,110
2,30,143,55,110
3,30,143,55,110
4,30,143,55,110
5,30,90,80,70
6,30,90,80,70
7,30,90,80,70
8,30,90,80,70
9,30,90,80,70
10,30,90,80,70
11,30,90,80,70
12,30,90,80,70
13,30,90,80,70
14,30,90,80,70
15,30,90,80,70
16,30,90,80,70
17,30,100,90,80
18,30,100,90,80
19,30,100,90,80
20,30,100,90,80
21,30,100,90,80
22,30,100,90,80
23,30,100,90,80
24,30,95,85,75
25,30,95,85,75
26,30,95,85,75
27,30,95,85,75
28,30,95,85,75
29,30,95,85,75
30,30,95,85,75
31,30,95,85,75
32,30,95,85,75
33,30,95,85,75
34,30,95,85,75
35,30,95,85,75
36,30,95,85,75
37,30,95,85,75
38,30,95,85,75
39,30,95,85,75
40,30,100,90,80
41,30,100,90,80
42,30,100,90,80
43,30,100,90,80
44,30,100,90,80
45,30,100,90,80
46,30,100,90,80
47,30,90,80,70
48,30,90,80,70
49,30,90,80,70
50,30,90,80,70
51,30,90,80,70
52,30,90,80,70
53,30,90,80,70
54,30,90,80,70
55,30,90,80,70
56,30,90,80,70
57,30,90,80,70
58,30,90,80,70
59,30,143,55,110
60,30,143,55,110
61,30,143,55,110
62,30,143,55,110
63,30,143,55,110
0,31,136,54,108
1,31,136,54,108
2,31,136,54,108
3,31,136,54,108
4,31,136,54,108
5,31,90,80,70
6,31,90,80,70
7,31,90,80,70
8,31,90,80,70
9,31,90,80,70
10,31,90,80,70
11,31,90,80,70
12,31,90,80,70
13,31,90,80,70
14,31,90,80,70
15,31,90,80,70
16,31,90,80,70
17,31,100,90,80
18,31,100,90,80
19,31,100,90,80
20,31,100,90,80
21,31,100,90,80
22,31,100,90,80
23,31,100,90,80
24,31,95,85,75
25,31,95,85,75
26,31,95,85,75
27,31,95,85,75
28,31,95,85,75
29,31,95,85,75
30,31,95,85,75
31,31,95,85,75
32,31,95,85,75
33,31,95,85,75
34,31,95,85,75
35,31,95,85,75
36,31,95,85,75
37,31,95,85,75
38,31,95,85,75
39,31,95,85,75
40,31,100,90,80
41,31,100,90,80
42,31,100,90,80
43,31,100,90,80
44,31,100,90,80
45,31,100,90,80
46,31,100,90,80
47,31,90,80,70
48,31,90,80,70
49,31,90,80,70
50,31,90,80,70
51,31,90,80,70
52,31,90,80,70
53,31,90,80,70
54,31,90,80,70
55,31,90,80,70
56,31,90,80,70
57,31,90,80,70
58,31,90,80,70
59,31,136,54,108
60,31,136,54,108
61,31,136,54,108
62,31,136,54,108
63,31,136,54,108
0,32,130,53,107
1,32,130,53,107
2,32,130,53,107
3,32,130,53,107
4,32,130,53,107
5,32,90,80,70
6,32,90,80,70
7,32,90,80,70
8,32,90,80,70
9,32,90,80,70
10,32,90,80,70
11,32,90,80,70
12,32,90,80,70
13,32,90,80,70
14,32,90,80,70
15,32,90,80,70
16,32,90,80,70
17,32,100,90,80
18,32,100,90,80
19,32,100,90,80
20,32,100,90,80
21,32,100,90,80
22,32,100,90,80
23,32,100,90,80
24,32,95,85,75
25,32,95,85,75
26,32,95,85,75
27,32,95,85,75
28,32,30,20,15
29,32,30,20,15
30,32,30,20,15
31,32,30,20,15
32,32,30,20,15
33,32,30,20,15
34,32,30,20,15
35,32,30,20,15
36,32,95,85,75
37,32,95,85,75
38,32,95,85,75
39,32,95,85,75
40,32,100,90,80
41,32,100,90,80
42,32,100,90,80
43,32,100,90,80
44,32,100,90,80
45,32,100,90,80
46,32,100,90,80
47,32,90,80,70
48,32,90,80,70
49,32,90,80,70
50,32,90,80,70
51,32,90,80,70
52,32,90,80,70
53,32,90,80,70
54,32,90,80,70
55,32,90,80,70
56,32,90,80,70
57,32,90,80,70
58,32,90,80,70
59,32,130,53,107
60,32,130,53,107
61,32,130,53,107
62,32,130,53,107
63,32,130,53,107
0,33,124,53,105
1,33,124,53,105
2,33,124,53,105
3,33,124,53,105
4,33,124,53,105
5,33,90,80,70
6,33,90,80,70
7,33,90,80,70
8,33,90,80,70
9,33,90,80,70
10,33,90,80,70
11,33,90,80,70
12,33,90,80,70
13,33,90,80,70
14,33,90,80,70
15,33,90,80,70
16,33,90,80,70
17,33,100,90,80
18,33,100,90,80
19,33,100,90,80
20,33,100,90,80
21,33,100,90,80
22,33,100,90,80
23,33,100,90,80
24,33,95,85,75
25,33,95,85,75
26,33,95,85,75
27,33,95,85,75
28,33,30,20,15
29,33,30,20,15
30,33,30,20,15
31,33,30,20,15
32,33,30,20,15
33,33,30,20,15
34,33,30,20,15
35,33,30,20,15
36,33,95,85,75
37,33,95,85,75
38,33,95,85,75
39,33,95,85,75
40,33,100,90,80
41,33,100,90,80
42,33,100,90,80
43,33,100,90,80
44,33,100,90,80
45,33,100,90,80
46,33,100,90,80
47,33,90,80,70
48,33,90,80,70
49,33,90,80,70
50,33,90,80,70
51,33,90,80,70
52,33,90,80,70
53,33,90,80,70
54,33,90,80,70
55,33,90,80,70
56,33,90,80,70
57,33,90,80,70
58,33,90,80,70
59,33,124,53,105
60,33,124,53,105
61,33,124,53,105
62,33,124,53,105
63,33,124,53,105
0,34,117,52,103
1,34,117,52,103
2,34,117,52,103
3,34,117,52,103
4,34,117,52,103
5,34,90,80,70
6,34,90,80,70
7,34,90,80,70
8,34,90,80,70
9,34,90,80,70
10,34,90,80,70
11,34,90,80,70
12,34,90,80,70
13,34,90,80,70
14,34,90,80,70
15,34,90,80,70
16,34,90,80,70
17,34,100,90,80
18,34,100,90,80
19,34,100,90,80
20,34,100,90,80
21,34,100,90,80
22,34,100,90,80
23,34,100,90,80
24,34,95,85,75
25,34,95,85,75
26,34,95,85,75
27,34,95,85,75
28,34,30,20,15
29,34,30,20,15
30,34,30,20,15
31,34,30,20,15
32,34,30,20,15
33,34,30,20,15
34,34,30,20,15
35,34,30,20,15
36,34,95,85,75
37,34,95,85,75
38,34,95,85,75
39,34,95,85,75
40,34,100,90,80
41,34,100,90,80
42,34,100,90,80
43,34,100,90,80
44,34,100,90,80
45,34,100,90,80
46,34,100,90,80
47,34,90,80,70
48,34,90,80,70
49,34,90,80,70
50,34,90,80,70
51,34,90,80,70
52,34,90,80,70
53,34,90,80,70
54,34,90,80,70
55,34,90,80,70
56,34,90,80,70
57,34,90,80,70
58,34,90,80,70
59,34,117,52,103
60,34,117,52,103
61,34,117,52,103
62,34,117,52,103
63,34,117,52,103
0,35,111,51,102
1,35,111,51,102
2,35,111,51,102
3,35,111,51,102
4,35,111,51,102
5,35,90,80,70
6,35,90,80,70
7,35,90,80,70
8,35,90,80,70
9,35,90,80,70
10,35,90,80,70
11,35,90,80,70
12,35,90,80,70
13,35,90,80,70
14,35,90,80,70
15,35,90,80,70
16,35,90,80,70
17,35,100,90,80
18,35,100,90,80
19,35,100,90,80
20,35,100,90,80
21,35,100,90,80
22,35,100,90,80
23,35,100,90,80
24,35,95,85,75
25,35,95,85,75
26,35,95,85,75
27,35,95,85,75
28,35,30,20,15
29,35,30,20,15
30,35,30,20,15
31,35,30,20,15
32,35,30,20,15
33,35,30,20,15
34,35,30,20,15
35,35,30,20,15
36,35,95,85,75
37,35,95,85,75
38,35,95,85,75
39,35,95,85,75
40,35,100,90,80
41,35,100,90,80
42,35,100,90,80
43,35,100,90,80
44,35,100,90,80
45,35,100,90,80
46,35,100,90,80
47,35,90,80,70
48,35,90,80,70
49,35,90,80,70
50,35,90,80,70
51,35,90,80,70
52,35,90,80,70
53,35,90,80,70
54,35,90,80,70
55,35,90,80,70
56,35,90,80,70
57,35,90,80,70
58,35,90,80,70
59,35,111,51,102
60,35,111,51,102
61,35,111,51,102
62,35,111,51,102
63,35,111,51,102
0,36,105,50,100
1,36,105,50,100
2,36,105,50,100
3,36,105,50,100
4,36,30,50,20
5,36,90,80,70
6,36,90,80,70
7,36,90,80,70
8,36,90,80,70
9,36,90,80,70
10,36,90,80,70
11,36,90,80,70
12,36,90,80,70
13,36,90,80,70
14,36,90,80,70
15,36,90,80,70
16,36,90,80,70
17,36,100,90,80
18,36,100,90,80
19,36,100,90,80
20,36,100,90,80
21,36,100,90,80
22,36,100,90,80
23,36,100,90,80
24,36,95,85,75
25,36,95,85,75
26,36,95,85,75
27,36,95,85,75
28,36,30,20,15
29,36,30,20,15
30,36,30,20,15
31,36,30,20,15
32,36,30,20,15
33,36,30,20,15
34,36,30,20,15
35,36,30,20,15
36,36,30,20,15
37,36,95,85,75
38,36,95,85,75
39,36,95,85,75
40,36,100,90,80
41,36,100,90,80
42,36,100,90,80
43,36,100,90,80
44,36,100,90,80
45,36,100,90,80
46,36,100,90,80
47,36,90,80,70
48,36,90,80,70
49,36,90,80,70
50,36,90,80,70
51,36,90,80,70
52,36,90,80,70
53,36,90,80,70
54,36,90,80,70
55,36,90,80,70
56,36,90,80,70
57,36,90,80,70
58,36,90,80,70
59,36,105,50,100
60,36,105,50,100
61,36,105,50,100
62,36,105,50,100
63,36,105,50,100
0,37,99,49,98
1,37,99,49,98
2,37,30,50,20
3,37,30,50,20
4,37,30,50,20
5,37,90,80,70
6,37,90,80,70
7,37,90,80,70
8,37,90,80,70
9,37,90,80,70
10,37,90,80,70
11,37,90,80,70
12,37,90,80,70
13,37,90,80,70
14,37,90,80,70
15,37,90,80,70
16,37,90,80,70
17,37,100,90,80
18,37,100,90,80
19,37,100,90,80
20,37,100,90,80
21,37,100,90,80
22,37,100,90,80
23,37,100,90,80
24,37,95,85,75
25,37,95,85,75
26,37,95,85,75
27,37,95,85,75
28,37,30,20,15
29,37,30,20,15
30,37,30,20,15
31,37,30,20,15
32,37,30,20,15
33,37,30,20,15
34,37,30,20,15
35,37,30,20,15
36,37,95,85,75
37,37,95,85,75
38,37,95,85,75
39,37,95,85,75
40,37,100,90,80
41,37,100,90,80
42,37,100,90,80
43,37,100,90,80
44,37,100,90,80
45,37,100,90,80
46,37,100,90,80
47,37,90,80,70
48,37,90,80,70
49,37,90,80,70
50,37,90,80,70
51,37,90,80,70
52,37,90,80,70
53,37,90,80,70
54,37,90,80,70
55,37,90,80,70
56,37,90,80,70
57,37,90,80,70
58,37,90,80,70
59,37,99,49,98
60,37,99,49,98
61,37,99,49,98
62,37,99,49,98
63,37,99,49,98
0,38,30,50,20
1,38,30,50,20
2,38,30,50,20
3,38,30,50,20
4,38,30,50,20
5,38,90,80,70
6,38,90,80,70
7,38,90,80,70
8,38,90,80,70
9,38,90,80,70
10,38,90,80,70
11,38,90,80,70
12,38,90,80,70
13,38,90,80,70
14,38,90,80,70
15,38,90,80,70
16,38,90,80,70
17,38,100,90,80
18,38,100,90,80
19,38,100,90,80
20,38,100,90,80
21,38,100,90,80
22,38,100,90,80
23,38,100,90,80
24,38,95,85,75
25,38,95,85,75
26,38,95,85,75
27,38,95,85,75
28,38,30,20,15
29,38,30,20,15
30,38,30,20,15
31,38,30,20,15
32,38,30,20,15
33,38,30,20,15
34,38,30,20,15
35,38,30,20,15
36,38,95,85,75
37,38,95,85,75
38,38,95,85,75
39,38,95,85,75
40,38,100,90,80
41,38,100,90,80
42,38,100,90,80
43,38,100,90,80
44,38,100,90,80
45,38,100,90,80
46,38,100,90,80
47,38,90,80,70
48,38,90,80,70
49,38,90,80,70
50,38,90,80,70
51,38,90,80,70
52,38,90,80,70
53,38,90,80,70
54,38,90,80,70
55,38,90,80,70
56,38,90,80,70
57,38,90,80,70
58,38,90,80,70
59,38,93,48,97
60,38,93,48,97
61,38,93,48,97
62,38,93,48,97
63,38,93,48,97
0,39,30,50,20
1,39,30,50,20
2,39,30,50,20
3,39,30,50,20
4,39,30,50,20
5,39,90,80,70
6,39,90,80,70
7,39,90,80,70
8,39,90,80,70
9,39,90,80,70
10,39,90,80,70
11,39,90,80,70
12,39,90,80,70
13,39,90,80,70
14,39,90,80,70
15,39,90,80,70
16,39,90,80,70
17,39,100,90,80
18,39,100,90,80
19,39,100,90,80
20,39,100,90,80
21,39,100,90,80
22,39,100,90,80
23,39,100,90,80
24,39,95,85,75
25,39,95,85,75
26,39,95,85,75
27,39,95,85,75
28,39,30,20,15
29,39,30,20,15
30,39,30,20,15
31,39,30,20,15
32,39,30,20,15
33,39,30,20,15
34,39,30,20,15
35,39,30,20,15
36,39,95,85,75
37,39,95,85,75
38,39,95,85,75
39,39,95,85,75
40,39,100,90,80
41,39,100,90,80
42,39,100,90,80
43,39,100,90,80
44,39,100,90,80
45,39,100,90,80
46,39,100,90,80
47,39,90,80,70
48,39,90,80,70
49,39,90,80,70
50,39,90,80,70
51,39,90,80,70
52,39,90,80,70
53,39,90,80,70
54,39,90,80,70
55,39,90,80,70
56,39,90,80,70
57,39,90,80,70
58,39,90,80,70
59,39,86,48,95
60,39,86,48,95
61,39,86,48,95
62,39,86,48,95
63,39,86,48,95
0,40,30,50,20
1,40,30,50,20
2,40,30,50,20
3,40,30,50,20
4,40,30,50,20
5,40,90,80,70
6,40,90,80,70
7,40,90,80,70
8,40,90,80,70
9,40,90,80,70
10,40,90,80,70
11,40,90,80,70
12,40,90,80,70
13,40,90,80,70
14,40,90,80,70
15,40,90,80,70
16,40,90,80,70
17,40,100,90,80
18,40,100,90,80
19,40,100,90,80
20,40,100,90,80
21,40,100,90,80
22,40,100,90,80
23,40,100,90,80
24,40,95,85,75
25,40,95,85,75
26,40,95,85,75
27,40,95,85,75
28,40,30,20,15
29,40,30,20,15
30,40,30,20,15
31,40,30,20,15
32,40,30,20,15
33,40,30,20,15
34,40,30,20,15
35,40,30,20,15
36,40,95,85,75
37,40,95,85,75
38,40,95,85,75
39,40,95,85,75
40,40,100,90,80
41,40,100,90,80
42,40,100,90,80
43,40,100,90,80
44,40,100,90,80
45,40,100,90,80
46,40,100,90,80
47,40,90,80,70
48,40,90,80,70
49,40,90,80,70
50,40,90,80,70
51,40,90,80,70
52,40,90,80,70
53,40,90,80,70
54,40,90,80,70
55,40,90,80,70
56,40,90,80,70
57,40,90,80,70
58,40,90,80,70
59,40,80,47,93
60,40,80,47,93
61,40,80,47,93
62,40,80,47,93
63,40,80,47,93
0,41,30,50,20
1,41,30,50,20
2,41,30,50,20
3,41,30,50,20
4,41,30,50,20
5,41,90,80,70
6,41,90,80,70
7,41,90,80,70
8,41,90,80,70
9,41,90,80,70
10,41,90,80,70
11,41,90,80,70
12,41,90,80,70
13,41,90,80,70
14,41,90,80,70
15,41,90,80,70
16,41,90,80,70
17,41,100,90,80
18,41,100,90,80
19,41,100,90,80
20,41,100,90,80
21,41,100,90,80
22,41,100,90,80
23,41,100,90,80
24,41,95,85,75
25,41,95,85,75
26,41,95,85,75
27,41,95,85,75
28,41,30,20,15
29,41,30,20,15
30,41,30,20,15
31,41,30,20,15
32,41,30,20,15
33,41,30,20,15
34,41,30,20,15
35,41,30,20,15
36,41,95,85,75
37,41,95,85,75
38,41,95,85,75
39,41,95,85,75
40,41,100,90,80
41,41,100,90,80
42,41,100,90,80
43,41,100,90,80
44,41,100,90,80
45,41,100,90,80
46,41,100,90,80
47,41,90,80,70
48,41,90,80,70
49,41,90,80,70
50,41,90,80,70
51,41,90,80,70
52,41,90,80,70
53,41,90,80,70
54,41,90,80,70
55,41,90,80,70
56,41,90,80,70
57,41,90,80,70
58,41,90,80,70
59,41,74,46,92
60,41,74,46,92
61,41,74,46,92
62,41,74,46,92
63,41,74,46,92
0,42,30,50,20
1,42,30,50,20
2,42,30,50,20
3,42,30,50,20
4,42,30,50,20
5,42,90,80,70
6,42,90,80,70
7,42,90,80,70
8,42,90,80,70
9,42,90,80,70
10,42,90,80,70
11,42,90,80,70
12,42,90,80,70
13,42,90,80,70
14,42,90,80,70
15,42,90,80,70
16,42,90,80,70
17,42,100,90,80
18,42,100,90,80
19,42,100,90,80
20,42,100,90,80
21,42,100,90,80
22,42,100,90,80
23,42,100,90,80
24,42,95,85,75
25,42,95,85,75
26,42,95,85,75
27,42,95,85,75
28,42,30,20,15
29,42,30,20,15
30,42,30,20,15
31,42,30,20,15
32,42,30,20,15
33,42,30,20,15
34,42,30,20,15
35,42,30,20,15
36,42,95,85,75
37,42,95,85,75
38,42,95,85,75
39,42,95,85,75
40,42,100,90,80
41,42,100,90,80
42,42,100,90,80
43,42,100,90,80
44,42,100,90,80
45,42,100,90,80
46,42,100,90,80
47,42,90,80,70
48,42,90,80,70
49,42,90,80,70
50,42,90,80,70
51,42,90,80,70
52,42,90,80,70
53,42,90,80,70
54,42,90,80,70
55,42,90,80,70
56,42,90,80,70
57,42,90,80,70
58,42,90,80,70
59,42,68,45,90
60,42,68,45,90
61,42,68,45,90
62,42,68,45,90
63,42,68,45,90
0,43,30,50,20
1,43,30,50,20
2,43,30,50,20
3,43,30,50,20
4,43,30,50,20
5,43,90,80,70
6,43,90,80,70
7,43,90,80,70
8,43,90,80,70
9,43,90,80,70
10,43,90,80,70
11,43,90,80,70
12,43,90,80,70
13,43,90,80,70
14,43,90,80,70
15,43,90,80,70
16,43,90,80,70
17,43,100,90,80
18,43,100,90,80
19,43,100,90,80
20,43,100,90,80
21,43,100,90,80
22,43,100,90,80
23,43,100,90,80
24,43,95,85,75
25,43,95,85,75
26,43,95,85,75
27,43,95,85,75
28,43,30,20,15
29,43,30,20,15
30,43,30,20,15
31,43,30,20,15
32,43,30,20,15
33,43,30,20,15
34,43,30,20,15
35,43,30,20,15
36,43,95,85,75
37,43,95,85,75
38,43,95,85,75
39,43,95,85,75
40,43,100,90,80
41,43,100,90,80
42,43,100,90,80
43,43,100,90,80
44,43,100,90,80
45,43,100,90,80
46,43,100,90,80
47,43,90,80,70
48,43,90,80,70
49,43,90,80,70
50,43,90,80,70
51,43,90,80,70
52,43,90,80,70
53,43,90,80,70
54,43,90,80,70
55,43,90,80,70
56,43,90,80,70
57,43,90,80,70
58,43,90,80,70
59,43,30,50,20
60,43,30,50,20
61,43,30,50,20
62,43,30,50,20
63,43,30,50,20
0,44,100,160,220
1,44,60,100,180
2,44,60,100,180
3,44,100,160,220
4,44,60,100,180
5,44,60,100,180
6,44,100,160,220
7,44,60,100,180
8,44,60,100,180
9,44,100,160,220
10,44,60,100,180
11,44,60,100,180
12,44,100,160,220
13,44,60,100,180
14,44,60,100,180
15,44,100,160,220
16,44,60,100,180
17,44,60,100,180
18,44,100,160,220
19,44,60,100,180
20,44,60,100,180
21,44,100,160,220
22,44,60,100,180
23,44,60,100,180
24,44,100,160,220
25,44,60,100,180
26,44,60,100,180
27,44,100,160,220
28,44,60,100,180
29,44,60,100,180
30,44,100,160,220
31,44,60,100,180
32,44,60,100,180
33,44,100,160,220
34,44,60,100,180
35,44,60,100,180
36,44,100,160,220
37,44,60,100,180
38,44,60,100,180
39,44,100,160,220
40,44,60,100,180
41,44,60,100,180
42,44,100,160,220
43,44,60,100,180
44,44,60,100,180
45,44,100,160,220
46,44,60,100,180
47,44,60,100,180
48,44,100,160,220
49,44,60,100,180
50,44,60,100,180
51,44,100,160,220
52,44,60,100,180
53,44,60,100,180
54,44,100,160,220
55,44,60,100,180
56,44,60,100,180
57,44,100,160,220
58,44,60,100,180
59,44,60,100,180
60,44,100,160,220
61,44,60,100,180
62,44,60,100,180
63,44,100,160,220
0,45,53,90,167
1,45,53,90,167
2,45,53,90,167
3,45,53,90,167
4,45,53,90,167
5,45,53,90,167
6,45,53,90,167
7,45,53,90,167
8,45,53,90,167
9,45,53,90,167
10,45,53,90,167
11,45,53,90,167
12,45,53,90,167
13,45,53,90,167
14,45,53,90,167
15,45,53,90,167
16,45,53,90,167
17,45,53,90,167
18,45,53,90,167
19,45,53,90,167
20,45,53,90,167
21,45,53,90,167
22,45,53,90,167
23,45,53,90,167
24,45,53,90,167
25,45,53,90,167
26,45,53,90,167
27,45,53,90,167
28,45,53,90,167
29,45,53,90,167
30,45,53,90,167
31,45,53,90,167
32,45,53,90,167
33,45,53,90,167
34,45,53,90,167
35,45,53,90,167
36,45,53,90,167
37,45,53,90,167
38,45,53,90,167
39,45,53,90,167
40,45,53,90,167
41,45,53,90,167
42,45,53,90,167
43,45,53,90,167
44,45,53,90,167
45,45,53,90,167
46,45,53,90,167
47,45,53,90,167
48,45,53,90,167
49,45,53,90,167
50,45,53,90,167
51,45,53,90,167
52,45,53,90,167
53,45,53,90,167
54,45,53,90,167
55,45,53,90,167
56,45,53,90,167
57,45,53,90,167
58,45,53,90,167
59,45,53,90,167
60,45,53,90,167
61,45,53,90,167
62,45,53,90,167
63,45,53,90,167
0,46,47,80,153
1,46,47,80,153
2,46,47,80,153
3,46,47,80,153
4,46,47,80,153
5,46,47,80,153
6,46,47,80,153
7,46,47,80,153
8,46,47,80,153
9,46,47,80,153
10,46,47,80,153
11,46,47,80,153
12,46,47,80,153
13,46,47,80,153
14,46,47,80,153
15,46,47,80,153
16,46,47,80,153
17,46,47,80,153
18,46,47,80,153
19,46,47,80,153
20,46,47,80,153
21,46,47,80,153
22,46,47,80,153
23,46,47,80,153
24,46,47,80,153
25,46,47,80,153
26,46,47,80,153
27,46,47,80,153
28,46,47,80,153
29,46,47,80,153
30,46,47,80,153
31,46,47,80,153
32,46,47,80,153
33,46,47,80,153
34,46,47,80,153
35,46,47,80,153
36,46,47,80,153
37,46,47,80,153
38,46,47,80,153
39,46,47,80,153
40,46,47,80,153
41,46,47,80,153
42,46,47,80,153
43,46,47,80,153
44,46,47,80,153
45,46,47,80,153
46,46,47,80,153
47,46,47,80,153
48,46,47,80,153
49,46,47,80,153
50,46,47,80,153
51,46,47,80,153
52,46,47,80,153
53,46,47,80,153
54,46,47,80,153
55,46,47,80,153
56,46,47,80,153
57,46,47,80,153
58,46,47,80,153
59,46,47,80,153
60,46,47,80,153
61,46,47,80,153
62,46,47,80,153
63,46,47,80,153
0,47,40,70,140
1,47,40,70,140
2,47,40,70,140
3,47,40,70,140
4,47,40,70,140
5,47,40,70,140
6,47,40,70,140
7,47,40,70,140
8,47,40,70,140
9,47,40,70,140
10,47,40,70,140
11,47,40,70,140
12,47,40,70,140
13,47,40,70,140
14,47,40,70,140
15,47,40,70,140
16,47,40,70,140
17,47,40,70,140
18,47,40,70,140
19,47,40,70,140
20,47,40,70,140
21,47,40,70,140
22,47,40,70,140
23,47,40,70,140
24,47,40,70,140
25,47,40,70,140
26,47,40,70,140
27,47,40,70,140
28,47,40,70,140
29,47,40,70,140
30,47,40,70,140
31,47,40,70,140
32,47,40,70,140
33,47,40,70,140
34,47,40,70,140
35,47,40,70,140
36,47,40,70,140
37,47,40,70,140
38,47,40,70,140
39,47,40,70,140
40,47,40,70,140
41,47,40,70,140
42,47,40,70,140
43,47,40,70,140
44,47,40,70,140
45,47,40,70,140
46,47,40,70,140
47,47,40,70,140
48,47,40,70,140
49,47,40,70,140
50,47,40,70,140
51,47,40,70,140
52,47,40,70,140
53,47,40,70,140
54,47,40,70,140
55,47,40,70,140
56,47,40,70,140
57,47,40,70,140
58,47,40,70,140
59,47,40,70,140
60,47,40,70,140
61,47,40,70,140
62,47,40,70,140
63,47,40,70,140