0,0,40,0,60
1,0,40,0,60
2,0,40,0,60
3,0,40,0,60
4,0,40,0,60
5,0,40,0,60
6,0,40,0,60
7,0,40,0,60
8,0,40,0,60
9,0,40,0,60
10,0,40,0,60
11,0,40,0,60
12,0,40,0,60
13,0,40,0,60
14,0,40,0,60
15,0,40,0,60
16,0,40,0,60
17,0,40,0,60
18,0,40,0,60
19,0,40,0,60
20,0,40,0,60
21,0,40,0,60
22,0,40,0,60
23,0,40,0,60
24,0,40,0,60
25,0,40,0,60
26,0,40,0,60
27,0,40,0,60
28,0,40,0,60
29,0,40,0,60
30,0,40,0,60
31,0,40,0,60
32,0,40,0,60
33,0,40,0,60
34,0,40,0,60
35,0,40,0,60
36,0,40,0,60
37,0,40,0,60
38,0,40,0,60
39,0,40,0,60
40,0,40,0,60
41,0,40,0,60
42,0,40,0,60
43,0,40,0,60
44,0,40,0,60
45,0,40,0,60
46,0,40,0,60
47,0,40,0,60
48,0,40,0,60
49,0,40,0,60
50,0,40,0,60
51,0,40,0,60
52,0,40,0,60
53,0,40,0,60
54,0,40,0,60
55,0,40,0,60
56,0,40,0,60
57,0,40,0,60
58,0,40,0,60
59,0,40,0,60
60,0,40,0,60
61,0,40,0,60
62,0,40,0,60
63,0,40,0,60
0,1,39,0,59
1,1,39,0,59
2,1,39,0,59
3,1,39,0,59
4,1,39,0,59
5,1,39,0,59
6,1,39,0,59
7,1,39,0,59
8,1,39,0,59
9,1,39,0,59
10,1,39,0,59
11,1,39,0,59
12,1,39,0,59
13,1,39,0,59
14,1,39,0,59
15,1,39,0,59
16,1,39,0,59
17,1,39,0,59
18,1,39,0,59
19,1,39,0,59
20,1,39,0,59
21,1,39,0,59
22,1,39,0,59
23,1,39,0,59
24,1,39,0,59
25,1,39,0,59
26,1,39,0,59
27,1,39,0,59
28,1,100,150,200
29,1,39,0,59
30,1,39,0,59
31,1,39,0,59
32,1,39,0,59
33,1,39,0,59
34,1,39,0,59
35,1,39,0,59
36,1,39,0,59
37,1,39,0,59
38,1,39,0,59
39,1,39,0,59
40,1,39,0,59
41,1,39,0,59
42,1,39,0,59
43,1,39,0,59
44,1,39,0,59
45,1,39,0,59
46,1,39,0,59
47,1,39,0,59
48,1,39,0,59
49,1,39,0,59
50,1,39,0,59
51,1,39,0,59
52,1,39,0,59
53,1,39,0,59
54,1,100,150,200
55,1,0,200,255
56,1,39,0,59
57,1,39,0,59
58,1,39,0,59
59,1,39,0,59
60,1,39,0,59
61,1,39,0,59
62,1,39,0,59
63,1,39,0,59
0,2,39,0,58
1,2,39,0,58
2,2,39,0,58
3,2,39,0,58
4,2,39,0,58
5,2,39,0,58
6,2,39,0,58
7,2,100,150,200
8,2,39,0,58
9,2,39,0,58
10,2,39,0,58
11,2,39,0,58
12,2,39,0,58
13,2,39,0,58
14,2,39,0,58
15,2,39,0,58
16,2,100,150,200
17,2,39,0,58
18,2,39,0,58
19,2,39,0,58
20,2,39,0,58
21,2,39,0,58
22,2,39,0,58
23,2,39,0,58
24,2,39,0,58
25,2,39,0,58
26,2,39,0,58
27,2,39,0,58
28,2,60,100,150
29,2,39,0,58
30,2,39,0,58
31,2,39,0,58
32,2,39,0,58
33,2,39,0,58
34,2,39,0,58
35,2,39,0,58
36,2,39,0,58
37,2,39,0,58
38,2,39,0,58
39,2,39,0,58
40,2,39,0,58
41,2,39,0,58
42,2,39,0,58
43,2,39,0,58
44,2,39,0,58
45,2,39,0,58
46,2,39,0,58
47,2,39,0,58
48,2,39,0,58
49,2,39,0,58
50,2,39,0,58
51,2,39,0,58
52,2,0,200,255
53,2,0,200,255
54,2,60,100,150
55,2,100,230,255
56,2,0,200,255
57,2,0,200,255
58,2,0,200,255
59,2,39,0,58
60,2,39,0,58
61,2,39,0,58
62,2,39,0,58
63,2,39,0,58
0,3,38,0,58
1,3,38,0,58
2,3,38,0,58
3,3,38,0,58
4,3,38,0,58
5,3,38,0,58
6,3,100,150,200
7,3,60,100,150
8,3,38,0,58
9,3,38,0,58
10,3,38,0,58
11,3,38,0,58
12,3,38,0,58
13,3,38,0,58
14,3,38,0,58
15,3,38,0,58
16,3,60,100,150
17,3,38,0,58
18,3,38,0,58
19,3,38,0,58
20,3,38,0,58
21,3,38,0,58
22,3,38,0,58
23,3,38,0,58
24,3,38,0,58
25,3,38,0,58
26,3,38,0,58
27,3,100,150,200
28,3,38,0,58
29,3,38,0,58
30,3,38,0,58
31,3,38,0,58
32,3,38,0,58
33,3,38,0,58
34,3,38,0,58
35,3,38,0,58
36,3,38,0,58
37,3,38,0,58
38,3,38,0,58
39,3,38,0,58
40,3,38,0,58
41,3,38,0,58
42,3,38,0,58
43,3,38,0,58
44,3,38,0,58
45,3,38,0,58
46,3,38,0,58
47,3,38,0,58
48,3,38,0,58
49,3,38,0,58
50,3,38,0,58
51,3,0,200,255
52,3,0,200,255
53,3,100,230,255
54,3,100,230,255
55,3,100,230,255
56,3,100,230,255
57,3,100,230,255
58,3,0,200,255
59,3,0,200,255
60,3,38,0,58
61,3,38,0,58
62,3,38,0,58
63,3,38,0,58
0,4,37,0,57
1,4,37,0,57
2,4,37,0,57
3,4,37,0,57
4,4,37,0,57
5,4,37,0,57
6,4,60,100,150
7,4,37,0,57
8,4,37,0,57
9,4,37,0,57
10,4,37,0,57
11,4,37,0,57
12,4,37,0,57
13,4,37,0,57
14,4,37,0,57
15,4,37,0,57
16,4,37,0,57
17,4,37,0,57
18,4,37,0,57
19,4,37,0,57
20,4,37,0,57
21,4,37,0,57
22,4,37,0,57
23,4,37,0,57
24,4,37,0,57
25,4,37,0,57
26,4,37,0,57
27,4,60,100,150
28,4,37,0,57
29,4,37,0,57
30,4,37,0,57
31,4,37,0,57
32,4,37,0,57
33,4,37,0,57
34,4,37,0,57
35,4,37,0,57
36,4,37,0,57
37,4,37,0,57
38,4,37,0,57
39,4,37,0,57
40,4,37,0,57
41,4,37,0,57
42,4,37,0,57
43,4,37,0,57
44,4,37,0,57
45,4,37,0,57
46,4,37,0,57
47,4,37,0,57
48,4,37,0,57
49,4,37,0,57
50,4,37,0,57
51,4,0,200,255
52,4,100,230,255
53,4,100,230,255
54,4,100,230,255
55,4,100,230,255
56,4,100,230,255
57,4,100,230,255
58,4,100,230,255
59,4,0,200,255
60,4,37,0,57
61,4,37,0,57
62,4,37,0,57
63,4,37,0,57
0,5,36,0,56
1,5,36,0,56
2,5,36,0,56
3,5,36,0,56
4,5,36,0,56
5,5,36,0,56
6,5,36,0,56
7,5,36,0,56
8,5,36,0,56
9,5,36,0,56
10,5,36,0,56
11,5,36,0,56
12,5,36,0,56
13,5,36,0,56
14,5,36,0,56
15,5,36,0,56
16,5,36,0,56
17,5,36,0,56
18,5,36,0,56
19,5,36,0,56
20,5,36,0,56
21,5,36,0,56
22,5,36,0,56
23,5,36,0,56
24,5,36,0,56
25,5,36,0,56
26,5,36,0,56
27,5,36,0,56
28,5,36,0,56
29,5,36,0,56
30,5,36,0,56
31,5,36,0,56
32,5,36,0,56
33,5,36,0,56
34,5,36,0,56
35,5,36,0,56
36,5,36,0,56
37,5,36,0,56
38,5,36,0,56
39,5,36,0,56
40,5,36,0,56
41,5,36,0,56
42,5,36,0,56
43,5,36,0,56
44,5,36,0,56
45,5,36,0,56
46,5,36,0,56
47,5,36,0,56
48,5,36,0,56
49,5,36,0,56
50,5,36,0,56
51,5,0,200,255
52,5,100,230,255
53,5,100,230,255
54,5,100,230,255
55,5,100,230,255
56,5,100,230,255
57,5,100,230,255
58,5,100,230,255
59,5,0,200,255
60,5,36,0,56
61,5,36,0,56
62,5,36,0,56
63,5,36,0,56
0,6,36,0,55
1,6,36,0,55
2,6,36,0,55
3,6,36,0,55
4,6,36,0,55
5,6,36,0,55
6,6,36,0,55
7,6,36,0,55
8,6,36,0,55
9,6,36,0,55
10,6,36,0,55
11,6,36,0,55
12,6,36,0,55
13,6,36,0,55
14,6,36,0,55
15,6,36,0,55
16,6,36,0,55
17,6,36,0,55
18,6,36,0,55
19,6,36,0,55
20,6,36,0,55
21,6,36,0,55
22,6,36,0,55
23,6,36,0,55
24,6,36,0,55
25,6,36,0,55
26,6,36,0,55
27,6,36,0,55
28,6,36,0,55
29,6,36,0,55
30,6,36,0,55
31,6,36,0,55
32,6,36,0,55
33,6,36,0,55
34,6,36,0,55
35,6,36,0,55
36,6,36,0,55
37,6,36,0,55
38,6,36,0,55
39,6,36,0,55
40,6,36,0,55
41,6,36,0,55
42,6,36,0,55
43,6,36,0,55
44,6,36,0,55
45,6,36,0,55
46,6,36,0,55
47,6,36,0,55
48,6,36,0,55
49,6,36,0,55
50,6,0,200,255
51,6,100,230,255
52,6,100,230,255
53,6,100,230,255
54,6,100,230,255
55,6,100,230,255
56,6,100,230,255
57,6,100,230,255
58,6,100,230,255
59,6,100,230,255
60,6,0,200,255
61,6,36,0,55
62,6,36,0,55
63,6,36,0,55
0,7,35,0,54
1,7,35,0,54
2,7,35,0,54
3,7,35,0,54
4,7,35,0,54
5,7,35,0,54
6,7,35,0,54
7,7,35,0,54
8,7,35,0,54
9,7,35,0,54
10,7,35,0,54
11,7,35,0,54
12,7,35,0,54
13,7,100,150,200
14,7,35,0,54
15,7,35,0,54
16,7,35,0,54
17,7,35,0,54
18,7,35,0,54
19,7,35,0,54
20,7,35,0,54
21,7,35,0,54
22,7,35,0,54
23,7,35,0,54
24,7,35,0,54
25,7,35,0,54
26,7,35,0,54
27,7,35,0,54
28,7,35,0,54
29,7,35,0,54
30,7,35,0,54
31,7,35,0,54
32,7,35,0,54
33,7,35,0,54
34,7,35,0,54
35,7,35,0,54
36,7,35,0,54
37,7,35,0,54
38,7,35,0,54
39,7,35,0,54
40,7,35,0,54
41,7,35,0,54
42,7,35,0,54
43,7,35,0,54
44,7,35,0,54
45,7,35,0,54
46,7,35,0,54
47,7,35,0,54
48,7,35,0,54
49,7,35,0,54
50,7,35,0,54
51,7,0,200,255
52,7,100,230,255
53,7,100,230,255
54,7,100,230,255
55,7,100,230,255
56,7,100,230,255
57,7,100,230,255
58,7,100,230,255
59,7,0,200,255
60,7,35,0,54
61,7,35,0,54
62,7,35,0,54
63,7,35,0,54
0,8,34,0,53
1,8,34,0,53
2,8,34,0,53
3,8,34,0,53
4,8,34,0,53
5,8,34,0,53
6,8,100,150,200
7,8,34,0,53
8,8,34,0,53
9,8,34,0,53
10,8,34,0,53
11,8,34,0,53
12,8,34,0,53
13,8,60,100,150
14,8,34,0,53
15,8,34,0,53
16,8,34,0,53
17,8,34,0,53
18,8,34,0,53
19,8,34,0,53
20,8,34,0,53
21,8,34,0,53
22,8,34,0,53
23,8,34,0,53
24,8,34,0,53
25,8,34,0,53
26,8,34,0,53
27,8,34,0,53
28,8,34,0,53
29,8,34,0,53
30,8,34,0,53
31,8,34,0,53
32,8,34,0,53
33,8,34,0,53
34,8,34,0,53
35,8,34,0,53
36,8,34,0,53
37,8,34,0,53
38,8,34,0,53
39,8,34,0,53
40,8,34,0,53
41,8,34,0,53
42,8,34,0,53
43,8,34,0,53
44,8,34,0,53
45,8,34,0,53
46,8,34,0,53
47,8,34,0,53
48,8,34,0,53
49,8,34,0,53
50,8,34,0,53
51,8,0,200,255
52,8,100,230,255
53,8,100,230,255
54,8,100,230,255
55,8,100,230,255
56,8,100,150,200
57,8,100,230,255
58,8,100,230,255
59,8,0,200,255
60,8,34,0,53
61,8,34,0,53
62,8,34,0,53
63,8,34,0,53
0,9,33,0,53
1,9,33,0,53
2,9,33,0,53
3,9,33,0,53
4,9,33,0,53
5,9,33,0,53
6,9,60,100,150
7,9,33,0,53
8,9,33,0,53
9,9,33,0,53
10,9,33,0,53
11,9,33,0,53
12,9,33,0,53
13,9,33,0,53
14,9,33,0,53
15,9,33,0,53
16,9,33,0,53
17,9,33,0,53
18,9,33,0,53
19,9,33,0,53
20,9,33,0,53
21,9,33,0,53
22,9,33,0,53
23,9,33,0,53
24,9,33,0,53
25,9,33,0,53
26,9,33,0,53
27,9,33,0,53
28,9,33,0,53
29,9,33,0,53
30,9,33,0,53
31,9,33,0,53
32,9,33,0,53
33,9,33,0,53
34,9,33,0,53
35,9,33,0,53
36,9,33,0,53
37,9,33,0,53
38,9,33,0,53
39,9,33,0,53
40,9,33,0,53
41,9,33,0,53
42,9,33,0,53
43,9,33,0,53
44,9,33,0,53
45,9,33,0,53
46,9,33,0,53
47,9,33,0,53
48,9,33,0,53
49,9,33,0,53
50,9,33,0,53
51,9,0,200,255
52,9,0,200,255
53,9,100,230,255
54,9,100,230,255
55,9,100,230,255
56,9,60,100,150
57,9,100,230,255
58,9,0,200,255
59,9,100,150,200
60,9,100,150,200
61,9,33,0,53
62,9,33,0,53
63,9,33,0,53
0,10,33,0,52
1,10,33,0,52
2,10,33,0,52
3,10,33,0,52
4,10,33,0,52
5,10,33,0,52
6,10,33,0,52
7,10,33,0,52
8,10,33,0,52
9,10,33,0,52
10,10,33,0,52
11,10,33,0,52
12,10,33,0,52
13,10,33,0,52
14,10,33,0,52
15,10,33,0,52
16,10,33,0,52
17,10,33,0,52
18,10,33,0,52
19,10,33,0,52
20,10,33,0,52
21,10,33,0,52
22,10,33,0,52
23,10,33,0,52
24,10,33,0,52
25,10,33,0,52
26,10,33,0,52
27,10,33,0,52
28,10,33,0,52
29,10,33,0,52
30,10,33,0,52
31,10,33,0,52
32,10,33,0,52
33,10,33,0,52
34,10,33,0,52
35,10,33,0,52
36,10,33,0,52
37,10,33,0,52
38,10,33,0,52
39,10,33,0,52
40,10,33,0,52
41,10,33,0,52
42,10,33,0,52
43,10,33,0,52
44,10,33,0,52
45,10,33,0,52
46,10,33,0,52
47,10,33,0,52
48,10,33,0,52
49,10,33,0,52
50,10,33,0,52
51,10,33,0,52
52,10,0,200,255
53,10,0,200,255
54,10,0,200,255
55,10,100,230,255
56,10,0,200,255
57,10,0,200,255
58,10,0,200,255
59,10,60,100,150
60,10,60,100,150
61,10,33,0,52
62,10,33,0,52
63,10,33,0,52
0,11,32,0,51
1,11,32,0,51
2,11,32,0,51
3,11,32,0,51
4,11,32,0,51
5,11,32,0,51
6,11,32,0,51
7,11,32,0,51
8,11,32,0,51
9,11,32,0,51
10,11,32,0,51
11,11,32,0,51
12,11,32,0,51
13,11,32,0,51
14,11,32,0,51
15,11,32,0,51
16,11,32,0,51
17,11,32,0,51
18,11,32,0,51
19,11,32,0,51
20,11,32,0,51
21,11,32,0,51
22,11,32,0,51
23,11,32,0,51
24,11,32,0,51
25,11,32,0,51
26,11,32,0,51
27,11,32,0,51
28,11,32,0,51
29,11,32,0,51
30,11,32,0,51
31,11,32,0,51
32,11,32,0,51
33,11,32,0,51
34,11,32,0,51
35,11,32,0,51
36,11,32,0,51
37,11,32,0,51
38,11,32,0,51
39,11,32,0,51
40,11,32,0,51
41,11,32,0,51
42,11,32,0,51
43,11,32,0,51
44,11,32,0,51
45,11,32,0,51
46,11,32,0,51
47,11,32,0,51
48,11,32,0,51
49,11,32,0,51
50,11,32,0,51
51,11,32,0,51
52,11,32,0,51
53,11,32,0,51
54,11,32,0,51
55,11,0,200,255
56,11,32,0,51
57,11,32,0,51
58,11,32,0,51
59,11,32,0,51
60,11,32,0,51
61,11,32,0,51
62,11,32,0,51
63,11,32,0,51
0,12,31,0,50
1,12,31,0,50
2,12,31,0,50
3,12,31,0,50
4,12,31,0,50
5,12,31,0,50
6,12,31,0,50
7,12,31,0,50
8,12,31,0,50
9,12,31,0,50
10,12,31,0,50
11,12,31,0,50
12,12,31,0,50
13,12,31,0,50
14,12,31,0,50
15,12,31,0,50
16,12,31,0,50
17,12,31,0,50
18,12,31,0,50
19,12,31,0,50
20,12,31,0,50
21,12,31,0,50
22,12,31,0,50
23,12,31,0,50
24,12,31,0,50
25,12,31,0,50
26,12,31,0,50
27,12,31,0,50
28,12,31,0,50
29,12,31,0,50
30,12,31,0,50
31,12,31,0,50
32,12,31,0,50
33,12,31,0,50
34,12,31,0,50
35,12,31,0,50
36,12,31,0,50
37,12,31,0,50
38,12,31,0,50
39,12,31,0,50
40,12,31,0,50
41,12,31,0,50
42,12,31,0,50
43,12,31,0,50
44,12,31,0,50
45,12,31,0,50
46,12,31,0,50
47,12,31,0,50
48,12,31,0,50
49,12,100,150,200
50,12,31,0,50
51,12,31,0,50
52,12,31,0,50
53,12,31,0,50
54,12,31,0,50
55,12,31,0,50
56,12,100,150,200
57,12,31,0,50
58,12,31,0,50
59,12,31,0,50
60,12,31,0,50
61,12,31,0,50
62,12,31,0,50
63,12,31,0,50
0,13,31,0,49
1,13,31,0,49
2,13,31,0,49
3,13,31,0,49
4,13,31,0,49
5,13,31,0,49
6,13,31,0,49
7,13,31,0,49
8,13,31,0,49
9,13,31,0,49
10,13,31,0,49
11,13,31,0,49
12,13,31,0,49
13,13,31,0,49
14,13,31,0,49
15,13,31,0,49
16,13,31,0,49
17,13,31,0,49
18,13,31,0,49
19,13,31,0,49
20,13,31,0,49
21,13,31,0,49
22,13,31,0,49
23,13,31,0,49
24,13,31,0,49
25,13,31,0,49
26,13,31,0,49
27,13,31,0,49
28,13,31,0,49
29,13,31,0,49
30,13,31,0,49
31,13,31,0,49
32,13,31,0,49
33,13,31,0,49
34,13,31,0,49
35,13,31,0,49
36,13,31,0,49
37,13,31,0,49
38,13,31,0,49
39,13,31,0,49
40,13,31,0,49
41,13,31,0,49
42,13,31,0,49
43,13,31,0,49
44,13,31,0,49
45,13,31,0,49
46,13,31,0,49
47,13,31,0,49
48,13,31,0,49
49,13,60,100,150
50,13,31,0,49
51,13,31,0,49
52,13,31,0,49
53,13,31,0,49
54,13,31,0,49
55,13,31,0,49
56,13,60,100,150
57,13,31,0,49
58,13,31,0,49
59,13,31,0,49
60,13,31,0,49
61,13,31,0,49
62,13,31,0,49
63,13,31,0,49
0,14,30,0,48
1,14,30,0,48
2,14,30,0,48
3,14,30,0,48
4,14,30,0,48
5,14,30,0,48
6,14,30,0,48
7,14,30,0,48
8,14,30,0,48
9,14,30,0,48
10,14,30,0,48
11,14,30,0,48
12,14,30,0,48
13,14,30,0,48
14,14,30,0,48
15,14,30,0,48
16,14,30,0,48
17,14,30,0,48
18,14,30,0,48
19,14,30,0,48
20,14,30,0,48
21,14,30,0,48
22,14,30,0,48
23,14,30,0,48
24,14,30,0,48
25,14,30,0,48
26,14,30,0,48
27,14,30,0,48
28,14,30,0,48
29,14,30,0,48
30,14,30,0,48
31,14,30,0,48
32,14,30,0,48
33,14,30,0,48
34,14,30,0,48
35,14,30,0,48
36,14,30,0,48
37,14,30,0,48
38,14,100,150,200
39,14,30,0,48
40,14,30,0,48
41,14,30,0,48
42,14,30,0,48
43,14,30,0,48
44,14,30,0,48
45,14,30,0,48
46,14,30,0,48
47,14,30,0,48
48,14,30,0,48
49,14,30,0,48
50,14,30,0,48
51,14,30,0,48
52,14,30,0,48
53,14,30,0,48
54,14,30,0,48
55,14,30,0,48
56,14,30,0,48
57,14,30,0,48
58,14,30,0,48
59,14,30,0,48
60,14,30,0,48
61,14,30,0,48
62,14,30,0,48
63,14,30,0,48
0,15,100,150,200
1,15,29,0,48
2,15,29,0,48
3,15,29,0,48
4,15,29,0,48
5,15,29,0,48
6,15,29,0,48
7,15,29,0,48
8,15,29,0,48
9,15,29,0,48
10,15,29,0,48
11,15,29,0,48
12,15,29,0,48
13,15,29,0,48
14,15,29,0,48
15,15,29,0,48
16,15,29,0,48
17,15,29,0,48
18,15,29,0,48
19,15,29,0,48
20,15,29,0,48
21,15,29,0,48
22,15,29,0,48
23,15,29,0,48
24,15,29,0,48
25,15,29,0,48
26,15,29,0,48
27,15,29,0,48
28,15,29,0,48
29,15,29,0,48
30,15,29,0,48
31,15,29,0,48
32,15,29,0,48
33,15,29,0,48
34,15,29,0,48
35,15,29,0,48
36,15,29,0,48
37,15,29,0,48
38,15,60,100,150
39,15,29,0,48
40,15,29,0,48
41,15,29,0,48
42,15,29,0,48
43,15,29,0,48
44,15,29,0,48
45,15,29,0,48
46,15,29,0,48
47,15,29,0,48
48,15,29,0,48
49,15,29,0,48
50,15,29,0,48
51,15,29,0,48
52,15,29,0,48
53,15,29,0,48
54,15,29,0,48
55,15,29,0,48
56,15,29,0,48
57,15,29,0,48
58,15,29,0,48
59,15,29,0,48
60,15,29,0,48
61,15,29,0,48
62,15,29,0,48
63,15,29,0,48
0,16,60,100,150
1,16,28,0,47
2,16,28,0,47
3,16,28,0,47
4,16,28,0,47
5,16,28,0,47
6,16,28,0,47
7,16,28,0,47
8,16,28,0,47
9,16,28,0,47
10,16,28,0,47
11,16,28,0,47
12,16,28,0,47
13,16,28,0,47
14,16,28,0,47
15,16,28,0,47
16,16,28,0,47
17,16,28,0,47
18,16,28,0,47
19,16,28,0,47
20,16,28,0,47
21,16,28,0,47
22,16,28,0,47
23,16,28,0,47
24,16,28,0,47
25,16,28,0,47
26,16,28,0,47
27,16,28,0,47
28,16,28,0,47
29,16,28,0,47
30,16,28,0,47
31,16,28,0,47
32,16,28,0,47
33,16,28,0,47
34,16,28,0,47
35,16,28,0,47
36,16,28,0,47
37,16,28,0,47
38,16,28,0,47
39,16,28,0,47
40,16,28,0,47
41,16,28,0,47
42,16,28,0,47
43,16,28,0,47
44,16,28,0,47
45,16,28,0,47
46,16,28,0,47
47,16,28,0,47
48,16,28,0,47
49,16,28,0,47
50,16,28,0,47
51,16,28,0,47
52,16,28,0,47
53,16,28,0,47
54,16,28,0,47
55,16,28,0,47
56,16,28,0,47
57,16,28,0,47
58,16,28,0,47
59,16,28,0,47
60,16,28,0,47
61,16,28,0,47
62,16,28,0,47
63,16,28,0,47
0,17,28,0,46
1,17,28,0,46
2,17,28,0,46
3,17,28,0,46
4,17,28,0,46
5,17,28,0,46
6,17,28,0,46
7,17,28,0,46
8,17,28,0,46
9,17,28,0,46
10,17,28,0,46
11,17,28,0,46
12,17,28,0,46
13,17,28,0,46
14,17,28,0,46
15,17,28,0,46
16,17,28,0,46
17,17,28,0,46
18,17,28,0,46
19,17,28,0,46
20,17,28,0,46
21,17,28,0,46
22,17,28,0,46
23,17,28,0,46
24,17,28,0,46
25,17,28,0,46
26,17,28,0,46
27,17,28,0,46
28,17,28,0,46
29,17,100,150,200
30,17,28,0,46
31,17,100,150,200
32,17,28,0,46
33,17,28,0,46
34,17,28,0,46
35,17,28,0,46
36,17,28,0,46
37,17,28,0,46
38,17,28,0,46
39,17,28,0,46
40,17,28,0,46
41,17,28,0,46
42,17,28,0,46
43,17,28,0,46
44,17,28,0,46
45,17,28,0,46
46,17,28,0,46
47,17,28,0,46
48,17,28,0,46
49,17,28,0,46
50,17,28,0,46
51,17,28,0,46
52,17,28,0,46
53,17,28,0,46
54,17,28,0,46
55,17,28,0,46
56,17,28,0,46
57,17,28,0,46
58,17,28,0,46
59,17,28,0,46
60,17,28,0,46
61,17,28,0,46
62,17,28,0,46
63,17,28,0,46
0,18,27,0,45
1,18,27,0,45
2,18,27,0,45
3,18,27,0,45
4,18,27,0,45
5,18,27,0,45
6,18,27,0,45
7,18,27,0,45
8,18,27,0,45
9,18,27,0,45
10,18,27,0,45
11,18,27,0,45
12,18,27,0,45
13,18,27,0,45
14,18,27,0,45
15,18,27,0,45
16,18,27,0,45
17,18,27,0,45
18,18,27,0,45
19,18,27,0,45
20,18,27,0,45
21,18,27,0,45
22,18,27,0,45
23,18,27,0,45
24,18,27,0,45
25,18,27,0,45
26,18,27,0,45
27,18,27,0,45
28,18,27,0,45
29,18,60,100,150
30,18,27,0,45
31,18,60,100,150
32,18,27,0,45
33,18,27,0,45
34,18,27,0,45
35,18,27,0,45
36,18,27,0,45
37,18,27,0,45
38,18,27,0,45
39,18,27,0,45
40,18,27,0,45
41,18,27,0,45
42,18,27,0,45
43,18,27,0,45
44,18,27,0,45
45,18,27,0,45
46,18,27,0,45
47,18,27,0,45
48,18,27,0,45
49,18,27,0,45
50,18,27,0,45
51,18,27,0,45
52,18,27,0,45
53,18,27,0,45
54,18,27,0,45
55,18,27,0,45
56,18,27,0,45
57,18,27,0,45
58,18,27,0,45
59,18,27,0,45
60,18,27,0,45
61,18,27,0,45
62,18,27,0,45
63,18,27,0,45
0,19,26,0,44
1,19,26,0,44
2,19,26,0,44
3,19,26,0,44
4,19,26,0,44
5,19,26,0,44
6,19,26,0,44
7,19,26,0,44
8,19,26,0,44
9,19,26,0,44
10,19,26,0,44
11,19,26,0,44
12,19,26,0,44
13,19,26,0,44
14,19,26,0,44
15,19,26,0,44
16,19,26,0,44
17,19,26,0,44
18,19,26,0,44
19,19,26,0,44
20,19,26,0,44
21,19,100,150,200
22,19,26,0,44
23,19,26,0,44
24,19,100,150,200
25,19,100,150,200
26,19,26,0,44
27,19,26,0,44
28,19,26,0,44
29,19,26,0,44
30,19,26,0,44
31,19,26,0,44
32,19,26,0,44
33,19,26,0,44
34,19,26,0,44
35,19,26,0,44
36,19,26,0,44
37,19,26,0,44
38,19,26,0,44
39,19,100,150,200
40,19,26,0,44
41,19,26,0,44
42,19,26,0,44
43,19,26,0,44
44,19,26,0,44
45,19,26,0,44
46,19,26,0,44
47,19,26,0,44
48,19,26,0,44
49,19,26,0,44
50,19,26,0,44
51,19,100,150,200
52,19,26,0,44
53,19,26,0,44
54,19,26,0,44
55,19,26,0,44
56,19,26,0,44
57,19,26,0,44
58,19,26,0,44
59,19,26,0,44
60,19,26,0,44
61,19,26,0,44
62,19,26,0,44
63,19,100,150,200
0,20,25,0,43
1,20,25,0,43
2,20,25,0,43
3,20,25,0,43
4,20,25,0,43
5,20,25,0,43
6,20,25,0,43
7,20,25,0,43
8,20,25,0,43
9,20,25,0,43
10,20,25,0,43
11,20,25,0,43
12,20,25,0,43
13,20,25,0,43
14,20,25,0,43
15,20,25,0,43
16,20,25,0,43
17,20,25,0,43
18,20,25,0,43
19,20,25,0,43
20,20,25,0,43
21,20,60,100,150
22,20,25,0,43
23,20,25,0,43
24,20,60,100,150
25,20,60,100,150
26,20,25,0,43
27,20,25,0,43
28,20,25,0,43
29,20,25,0,43
30,20,25,0,43
31,20,25,0,43
32,20,25,0,43
33,20,25,0,43
34,20,25,0,43
35,20,25,0,43
36,20,25,0,43
37,20,25,0,43
38,20,25,0,43
39,20,60,100,150
40,20,25,0,43
41,20,25,0,43
42,20,25,0,43
43,20,25,0,43
44,20,25,0,43
45,20,25,0,43
46,20,25,0,43
47,20,100,150,200
48,20,25,0,43
49,20,25,0,43
50,20,25,0,43
51,20,60,100,150
52,20,25,0,43
53,20,25,0,43
54,20,25,0,43
55,20,25,0,43
56,20,25,0,43
57,20,25,0,43
58,20,25,0,43
59,20,25,0,43
60,20,25,0,43
61,20,25,0,43
62,20,25,0,43
63,20,60,100,150
0,21,25,0,43
1,21,100,150,200
2,21,25,0,43
3,21,25,0,43
4,21,25,0,43
5,21,25,0,43
6,21,25,0,43
7,21,25,0,43
8,21,25,0,43
9,21,25,0,43
10,21,25,0,43
11,21,25,0,43
12,21,25,0,43
13,21,25,0,43
14,21,25,0,43
15,21,25,0,43
16,21,25,0,43
17,21,25,0,43
18,21,25,0,43
19,21,25,0,43
20,21,25,0,43
21,21,25,0,43
22,21,25,0,43
23,21,25,0,43
24,21,25,0,43
25,21,25,0,43
26,21,25,0,43
27,21,25,0,43
28,21,25,0,43
29,21,25,0,43
30,21,25,0,43
31,21,25,0,43
32,21,25,0,43
33,21,25,0,43
34,21,25,0,43
35,21,25,0,43
36,21,25,0,43
37,21,25,0,43
38,21,25,0,43
39,21,25,0,43
40,21,25,0,43
41,21,25,0,43
42,21,25,0,43
43,21,25,0,43
44,21,25,0,43
45,21,25,0,43
46,21,25,0,43
47,21,60,100,150
48,21,25,0,43
49,21,25,0,43
50,21,25,0,43
51,21,25,0,43
52,21,25,0,43
53,21,25,0,43
54,21,25,0,43
55,21,25,0,43
56,21,25,0,43
57,21,25,0,43
58,21,25,0,43
59,21,25,0,43
60,21,25,0,43
61,21,25,0,43
62,21,25,0,43
63,21,25,0,43
0,22,24,0,42
1,22,60,100,150
2,22,24,0,42
3,22,24,0,42
4,22,24,0,42
5,22,24,0,42
6,22,24,0,42
7,22,24,0,42
8,22,24,0,42
9,22,24,0,42
10,22,24,0,42
11,22,24,0,42
12,22,24,0,42
13,22,24,0,42
14,22,24,0,42
15,22,24,0,42
16,22,24,0,42
17,22,24,0,42
18,22,24,0,42
19,22,24,0,42
20,22,24,0,42
21,22,24,0,42
22,22,24,0,42
23,22,24,0,42
24,22,24,0,42
25,22,24,0,42
26,22,24,0,42
27,22,24,0,42
28,22,24,0,42
29,22,24,0,42
30,22,24,0,42
31,22,24,0,42
32,22,24,0,42
33,22,24,0,42
34,22,24,0,42
35,22,24,0,42
36,22,24,0,42
37,22,24,0,42
38,22,24,0,42
39,22,24,0,42
40,22,24,0,42
41,22,24,0,42
42,22,24,0,42
43,22,24,0,42
44,22,24,0,42
45,22,24,0,42
46,22,24,0,42
47,22,100,150,200
48,22,24,0,42
49,22,24,0,42
50,22,24,0,42
51,22,24,0,42
52,22,100,150,200
53,22,24,0,42
54,22,24,0,42
55,22,24,0,42
56,22,24,0,42
57,22,24,0,42
58,22,24,0,42
59,22,24,0,42
60,22,24,0,42
61,22,24,0,42
62,22,24,0,42
63,22,24,0,42
0,23,23,0,41
1,23,23,0,41
2,23,23,0,41
3,23,23,0,41
4,23,23,0,41
5,23,23,0,41
6,23,23,0,41
7,23,23,0,41
8,23,23,0,41
9,23,23,0,41
10,23,23,0,41
11,23,23,0,41
12,23,23,0,41
13,23,23,0,41
14,23,23,0,41
15,23,23,0,41
16,23,23,0,41
17,23,23,0,41
18,23,23,0,41
19,23,23,0,41
20,23,23,0,41
21,23,23,0,41
22,23,23,0,41
23,23,23,0,41
24,23,23,0,41
25,23,100,150,200
26,23,23,0,41
27,23,23,0,41
28,23,23,0,41
29,23,23,0,41
30,23,23,0,41
31,23,23,0,41
32,23,23,0,41
33,23,23,0,41
34,23,23,0,41
35,23,23,0,41
36,23,23,0,41
37,23,23,0,41
38,23,23,0,41
39,23,30,15,50
40,23,30,15,50
41,23,30,15,50
42,23,30,15,50
43,23,30,15,50
44,23,30,15,50
45,23,30,15,50
46,23,30,15,50
47,23,30,15,50
48,23,30,15,50
49,23,30,15,50
50,23,30,15,50
51,23,30,15,50
52,23,60,100,150
53,23,23,0,41
54,23,23,0,41
55,23,23,0,41
56,23,23,0,41
57,23,23,0,41
58,23,23,0,41
59,23,23,0,41
60,23,23,0,41
61,23,23,0,41
62,23,23,0,41
63,23,23,0,41
0,24,23,0,40
1,24,23,0,40
2,24,23,0,40
3,24,23,0,40
4,24,23,0,40
5,24,23,0,40
6,24,23,0,40
7,24,23,0,40
8,24,23,0,40
9,24,23,0,40
10,24,23,0,40
11,24,23,0,40
12,24,23,0,40
13,24,23,0,40
14,24,23,0,40
15,24,23,0,40
16,24,23,0,40
17,24,23,0,40
18,24,23,0,40
19,24,23,0,40
20,24,23,0,40
21,24,23,0,40
22,24,23,0,40
23,24,23,0,40
24,24,23,0,40
25,24,60,100,150
26,24,23,0,40
27,24,23,0,40
28,24,23,0,40
29,24,23,0,40
30,24,23,0,40
31,24,23,0,40
32,24,23,0,40
33,24,23,0,40
34,24,23,0,40
35,24,23,0,40
36,24,23,0,40
37,24,23,0,40
38,24,23,0,40
39,24,30,15,50
40,24,30,15,50
41,24,30,15,50
42,24,30,15,50
43,24,30,15,50
44,24,30,15,50
45,24,30,15,50
46,24,30,15,50
47,24,30,15,50
48,24,30,15,50
49,24,30,15,50
50,24,30,15,50
51,24,30,15,50
52,24,23,0,40
53,24,23,0,40
54,24,23,0,40
55,24,23,0,40
56,24,23,0,40
57,24,23,0,40
58,24,23,0,40
59,24,23,0,40
60,24,23,0,40
61,24,23,0,40
62,24,23,0,40
63,24,23,0,40
0,25,22,0,39
1,25,22,0,39
2,25,22,0,39
3,25,22,0,39
4,25,22,0,39
5,25,22,0,39
6,25,22,0,39
7,25,22,0,39
8,25,22,0,39
9,25,22,0,39
10,25,22,0,39
11,25,22,0,39
12,25,22,0,39
13,25,22,0,39
14,25,22,0,39
15,25,22,0,39
16,25,22,0,39
17,25,22,0,39
18,25,22,0,39
19,25,22,0,39
20,25,22,0,39
21,25,22,0,39
22,25,22,0,39
23,25,22,0,39
24,25,22,0,39
25,25,22,0,39
26,25,22,0,39
27,25,22,0,39
28,25,22,0,39
29,25,22,0,39
30,25,22,0,39
31,25,22,0,39
32,25,22,0,39
33,25,22,0,39
34,25,22,0,39
35,25,22,0,39
36,25,22,0,39
37,25,22,0,39
38,25,22,0,39
39,25,15,8,25
40,25,15,8,25
41,25,15,8,25
42,25,15,8,25
43,25,15,8,25
44,25,15,8,25
45,25,15,8,25
46,25,15,8,25
47,25,15,8,25
48,25,15,8,25
49,25,15,8,25
50,25,15,8,25
51,25,15,8,25
52,25,22,0,39
53,25,22,0,39
54,25,22,0,39
55,25,22,0,39
56,25,22,0,39
57,25,22,0,39
58,25,22,0,39
59,25,22,0,39
60,25,22,0,39
61,25,22,0,39
62,25,22,0,39
63,25,22,0,39
0,26,21,0,38
1,26,21,0,38
2,26,21,0,38
3,26,21,0,38
4,26,21,0,38
5,26,100,150,200
6,26,21,0,38
7,26,21,0,38
8,26,21,0,38
9,26,21,0,38
10,26,21,0,38
11,26,21,0,38
12,26,21,0,38
13,26,21,0,38
14,26,21,0,38
15,26,21,0,38
16,26,21,0,38
17,26,21,0,38
18,26,30,15,50
19,26,30,15,50
20,26,30,15,50
21,26,30,15,50
22,26,30,15,50
23,26,30,15,50
24,26,30,15,50
25,26,30,15,50
26,26,30,15,50
27,26,30,15,50
28,26,30,15,50
29,26,21,0,38
30,26,21,0,38
31,26,21,0,38
32,26,21,0,38
33,26,21,0,38
34,26,21,0,38
35,26,21,0,38
36,26,21,0,38
37,26,21,0,38
38,26,21,0,38
39,26,15,8,25
40,26,15,8,25
41,26,15,8,25
42,26,15,8,25
43,26,15,8,25
44,26,15,8,25
45,26,15,8,25
46,26,15,8,25
47,26,15,8,25
48,26,15,8,25
49,26,15,8,25
50,26,255,50,100
51,26,15,8,25
52,26,21,0,38
53,26,21,0,38
54,26,21,0,38
55,26,21,0,38
56,26,21,0,38
57,26,21,0,38
58,26,21,0,38
59,26,21,0,38
60,26,21,0,38
61,26,21,0,38
62,26,21,0,38
63,26,21,0,38
0,27,100,150,200
1,27,20,0,38
2,27,20,0,38
3,27,20,0,38
4,27,20,0,38
5,27,60,100,150
6,27,20,0,38
7,27,20,0,38
8,27,20,0,38
9,27,20,0,38
10,27,20,0,38
11,27,20,0,38
12,27,20,0,38
13,27,20,0,38
14,27,20,0,38
15,27,20,0,38
16,27,20,0,38
17,27,20,0,38
18,27,30,15,50
19,27,30,15,50
20,27,30,15,50
21,27,30,15,50
22,27,30,15,50
23,27,30,15,50
24,27,30,15,50
25,27,30,15,50
26,27,30,15,50
27,27,30,15,50
28,27,30,15,50
29,27,20,0,38
30,27,20,0,38
31,27,20,0,38
32,27,20,0,38
33,27,20,0,38
34,27,20,0,38
35,27,20,0,38
36,27,20,0,38
37,27,20,0,38
38,27,20,0,38
39,27,15,8,25
40,27,15,8,25
41,27,15,8,25
42,27,15,8,25
43,27,15,8,25
44,27,15,8,25
45,27,15,8,25
46,27,15,8,25
47,27,15,8,25
48,27,15,8,25
49,27,15,8,25
50,27,15,8,25
51,27,15,8,25
52,27,20,0,38
53,27,20,0,38
54,27,20,0,38
55,27,20,0,38
56,27,20,0,38
57,27,20,0,38
58,27,20,0,38
59,27,20,0,38
60,27,20,0,38
61,27,20,0,38
62,27,20,0,38
63,27,20,0,38
0,28,30,15,50
1,28,30,15,50
2,28,30,15,50
3,28,30,15,50
4,28,30,15,50
5,28,30,15,50
6,28,30,15,50
7,28,30,15,50
8,28,30,15,50
9,28,20,0,37
10,28,20,0,37
11,28,20,0,37
12,28,20,0,37
13,28,20,0,37
14,28,20,0,37
15,28,20,0,37
16,28,20,0,37
17,28,20,0,37
18,28,15,8,25
19,28,15,8,25
20,28,15,8,25
21,28,15,8,25
22,28,15,8,25
23,28,15,8,25
24,28,15,8,25
25,28,15,8,25
26,28,15,8,25
27,28,15,8,25
28,28,15,8,25
29,28,20,0,37
30,28,20,0,37
31,28,20,0,37
32,28,20,0,37
33,28,20,0,37
34,28,20,0,37
35,28,0,200,255
36,28,0,200,255
37,28,0,200,255
38,28,0,200,255
39,28,15,8,25
40,28,15,8,25
41,28,15,8,25
42,28,15,8,25
43,28,15,8,25
44,28,15,8,25
45,28,15,8,25
46,28,15,8,25
47,28,15,8,25
48,28,15,8,25
49,28,15,8,25
50,28,15,8,25
51,28,15,8,25
52,28,20,0,37
53,28,20,0,37
54,28,20,0,37
55,28,20,0,37
56,28,20,0,37
57,28,20,0,37
58,28,20,0,37
59,28,20,0,37
60,28,20,0,37
61,28,20,0,37
62,28,20,0,37
63,28,20,0,37
0,29,30,15,50
1,29,30,15,50
2,29,30,15,50
3,29,30,15,50
4,29,30,15,50
5,29,30,15,50
6,29,30,15,50
7,29,30,15,50
8,29,30,15,50
9,29,19,0,36
10,29,19,0,36
11,29,19,0,36
12,29,19,0,36
13,29,19,0,36
14,29,19,0,36
15,29,19,0,36
16,29,19,0,36
17,29,19,0,36
18,29,15,8,25
19,29,15,8,25
20,29,15,8,25
21,29,15,8,25
22,29,15,8,25
23,29,15,8,25
24,29,15,8,25
25,29,0,200,255
26,29,15,8,25
27,29,15,8,25
28,29,15,8,25
29,29,19,0,36
30,29,19,0,36
31,29,19,0,36
32,29,19,0,36
33,29,19,0,36
34,29,19,0,36
35,29,0,200,255
36,29,0,200,255
37,29,0,200,255
38,29,0,200,255
39,29,15,8,25
40,29,255,50,100
41,29,15,8,25
42,29,15,8,25
43,29,15,8,25
44,29,0,200,255
45,29,15,8,25
46,29,255,50,100
47,29,15,8,25
48,29,15,8,25
49,29,15,8,25
50,29,15,8,25
51,29,15,8,25
52,29,19,0,36
53,29,19,0,36
54,29,19,0,36
55,29,19,0,36
56,29,19,0,36
57,29,19,0,36
58,29,19,0,36
59,29,19,0,36
60,29,19,0,36
61,29,19,0,36
62,29,19,0,36
63,29,19,0,36
0,30,15,8,25
1,30,15,8,25
2,30,15,8,25
3,30,15,8,25
4,30,15,8,25
5,30,15,8,25
6,30,15,8,25
7,30,15,8,25
8,30,15,8,25
9,30,18,0,35
10,30,18,0,35
11,30,18,0,35
12,30,18,0,35
13,30,18,0,35
14,30,18,0,35
15,30,18,0,35
16,30,18,0,35
17,30,18,0,35
18,30,15,8,25
19,30,15,8,25
20,30,15,8,25
21,30,15,8,25
22,30,0,255,200
23,30,0,255,200
24,30,0,255,200
25,30,0,255,200
26,30,0,255,200
27,30,0,255,200
28,30,0,255,200
29,30,0,255,200
30,30,0,255,200
31,30,0,255,200
32,30,30,15,50
33,30,30,15,50
34,30,30,15,50
35,30,0,200,255
36,30,0,200,255
37,30,0,200,255
38,30,0,200,255
39,30,15,8,25
40,30,15,8,25
41,30,15,8,25
42,30,15,8,25
43,30,15,8,25
44,30,15,8,25
45,30,15,8,25
46,30,15,8,25
47,30,15,8,25
48,30,15,8,25
49,30,15,8,25
50,30,15,8,25
51,30,15,8,25
52,30,18,0,35
53,30,18,0,35
54,30,18,0,35
55,30,18,0,35
56,30,18,0,35
57,30,18,0,35
58,30,18,0,35
59,30,18,0,35
60,30,18,0,35
61,30,18,0,35
62,30,18,0,35
63,30,18,0,35
0,31,15,8,25
1,31,255,50,100
2,31,15,8,25
3,31,0,200,255
4,31,15,8,25
5,31,15,8,25
6,31,15,8,25
7,31,0,200,255
8,31,15,8,25
9,31,17,0,34
10,31,17,0,34
11,31,17,0,34
12,31,17,0,34
13,31,17,0,34
14,31,17,0,34
15,31,17,0,34
16,31,17,0,34
17,31,17,0,34
18,31,15,8,25
19,31,15,8,25
20,31,15,8,25
21,31,15,8,25
22,31,25,15,40
23,31,25,15,40
24,31,25,15,40
25,31,25,15,40
26,31,25,15,40
27,31,25,15,40
28,31,25,15,40
29,31,25,15,40
30,31,25,15,40
31,31,25,15,40
32,31,30,15,50
33,31,30,15,50
34,31,30,15,50
35,31,0,200,255
36,31,0,200,255
37,31,0,200,255
38,31,0,200,255
39,31,15,8,25
40,31,15,8,25
41,31,15,8,25
42,31,15,8,25
43,31,15,8,25
44,31,15,8,25
45,31,15,8,25
46,31,15,8,25
47,31,15,8,25
48,31,15,8,25
49,31,15,8,25
50,31,15,8,25
51,31,15,8,25
52,31,17,0,34
53,31,30,15,50
54,31,30,15,50
55,31,30,15,50
56,31,30,15,50
57,31,30,15,50
58,31,30,15,50
59,31,30,15,50
60,31,30,15,50
61,31,30,15,50
62,31,30,15,50
63,31,30,15,50
0,32,15,8,25
1,32,15,8,25
2,32,15,8,25
3,32,15,8,25
4,32,15,8,25
5,32,15,8,25
6,32,15,8,25
7,32,15,8,25
8,32,15,8,25
9,32,17,0,33
10,32,17,0,33
11,32,17,0,33
12,32,17,0,33
13,32,17,0,33
14,32,17,0,33
15,32,17,0,33
16,32,17,0,33
17,32,17,0,33
18,32,15,8,25
19,32,15,8,25
20,32,0,255,200
21,32,0,200,255
22,32,25,15,40
23,32,0,255,200
24,32,0,255,200
25,32,0,255,200
26,32,0,255,200
27,32,0,255,200
28,32,0,255,200
29,32,0,255,200
30,32,0,255,200
31,32,25,15,40
32,32,15,8,25
33,32,15,8,25
34,32,15,8,25
35,32,0,200,255
36,32,0,200,255
37,32,0,200,255
38,32,0,200,255
39,32,15,8,25
40,32,255,50,100
41,32,15,8,25
42,32,15,8,25
43,32,15,8,25
44,32,15,8,25
45,32,15,8,25
46,32,0,200,255
47,32,15,8,25
48,32,15,8,25
49,32,15,8,25
50,32,15,8,25
51,32,15,8,25
52,32,17,0,33
53,32,30,15,50
54,32,30,15,50
55,32,30,15,50
56,32,30,15,50
57,32,30,15,50
58,32,30,15,50
59,32,30,15,50
60,32,30,15,50
61,32,30,15,50
62,32,30,15,50
63,32,30,15,50
0,33,15,8,25
1,33,15,8,25
2,33,15,8,25
3,33,15,8,25
4,33,15,8,25
5,33,15,8,25
6,33,15,8,25
7,33,15,8,25
8,33,15,8,25
9,33,16,0,33
10,33,30,15,50
11,33,30,15,50
12,33,30,15,50
13,33,30,15,50
14,33,30,15,50
15,33,30,15,50
16,33,30,15,50
17,33,16,0,33
18,33,0,65,51
19,33,0,135,106
20,33,0,170,133
21,33,0,135,106
22,33,0,65,51
23,33,0,255,200
24,33,0,255,200
25,33,0,255,200
26,33,0,255,200
27,33,0,255,200
28,33,0,255,200
29,33,0,255,200
30,33,0,255,200
31,33,25,15,40
32,33,15,8,25
33,33,15,8,25
34,33,15,8,25
35,33,0,200,255
36,33,0,200,255
37,33,0,200,255
38,33,0,200,255
39,33,15,8,25
40,33,15,8,25
41,33,15,8,25
42,33,15,8,25
43,33,15,8,25
44,33,15,8,25
45,33,15,8,25
46,33,15,8,25
47,33,15,8,25
48,33,15,8,25
49,33,15,8,25
50,33,15,8,25
51,33,15,8,25
52,33,16,0,33
53,33,15,8,25
54,33,15,8,25
55,33,15,8,25
56,33,15,8,25
57,33,15,8,25
58,33,15,8,25
59,33,15,8,25
60,33,15,8,25
61,33,15,8,25
62,33,15,8,25
63,33,15,8,25
0,34,15,8,25
1,34,15,8,25
2,34,255,0,100
3,34,255,0,100
4,34,255,0,100
5,34,255,0,100
6,34,255,0,100
7,34,255,0,100
8,34,255,0,100
9,34,255,0,100
10,34,255,0,100
11,34,255,0,100
12,34,255,0,100
13,34,255,0,100
14,34,30,15,50
15,34,30,15,50
16,34,30,15,50
17,34,15,0,32
18,34,0,85,67
19,34,0,170,133
20,34,0,255,200
21,34,0,170,133
22,34,0,85,67
23,34,25,15,40
24,34,25,15,40
25,34,25,15,40
26,34,25,15,40
27,34,25,15,40
28,34,25,15,40
29,34,25,15,40
30,34,25,15,40
31,34,0,255,200
32,34,15,8,25
33,34,15,8,25
34,34,15,8,25
35,34,15,8,25
36,34,15,8,25
37,34,15,8,25
38,34,60,100,150
39,34,15,8,25
40,34,15,8,25
41,34,15,8,25
42,34,15,8,25
43,34,15,8,25
44,34,15,8,25
45,34,15,8,25
46,34,15,8,25
47,34,15,8,25
48,34,15,8,25
49,34,15,8,25
50,34,15,8,25
51,34,15,8,25
52,34,15,0,32
53,34,15,8,25
54,34,15,8,25
55,34,15,8,25
56,34,15,8,25
57,34,15,8,25
58,34,255,50,100
59,34,15,8,25
60,34,15,8,25
61,34,15,8,25
62,34,255,50,100
63,34,15,8,25
0,35,15,8,25
1,35,15,8,25
2,35,25,15,40
3,35,25,15,40
4,35,25,15,40
5,35,25,15,40
6,35,25,15,40
7,35,25,15,40
8,35,25,15,40
9,35,25,15,40
10,35,25,15,40
11,35,25,15,40
12,35,25,15,40
13,35,25,15,40
14,35,15,8,25
15,35,15,8,25
16,35,15,8,25
17,35,14,0,31
18,35,0,65,51
19,35,0,135,106
20,35,0,170,133
21,35,0,135,106
22,35,0,65,51
23,35,77,255,217
24,35,25,15,40
25,35,25,15,40
26,35,25,15,40
27,35,25,15,40
28,35,25,15,40
29,35,77,255,217
30,35,25,15,40
31,35,25,15,40
32,35,15,8,25
33,35,15,8,25
34,35,15,8,25
35,35,15,8,25
36,35,15,8,25
37,35,15,8,25
38,35,14,0,31
39,35,15,8,25
40,35,0,200,255
41,35,15,8,25
42,35,0,200,255
43,35,15,8,25
44,35,15,8,25
45,35,15,8,25
46,35,255,50,100
47,35,15,8,25
48,35,15,8,25
49,35,15,8,25
50,35,0,200,255
51,35,15,8,25
52,35,14,0,31
53,35,15,8,25
54,35,15,8,25
55,35,15,8,25
56,35,15,8,25
57,35,15,8,25
58,35,15,8,25
59,35,15,8,25
60,35,15,8,25
61,35,15,8,25
62,35,15,8,25
63,35,15,8,25
0,36,15,8,25
1,36,15,8,25
2,36,25,15,40
3,36,255,0,100
4,36,255,0,100
5,36,255,0,100
6,36,255,0,100
7,36,255,0,100
8,36,255,0,100
9,36,255,0,100
10,36,255,0,100
11,36,255,0,100
12,36,255,0,100
13,36,25,15,40
14,36,15,8,25
15,36,0,200,255
16,36,15,8,25
17,36,14,0,30
18,36,15,8,25
19,36,15,8,25
20,36,0,255,200
21,36,15,8,25
22,36,25,15,40
23,36,25,15,40
24,36,25,15,40
25,36,25,15,40
26,36,25,15,40
27,36,25,15,40
28,36,25,15,40
29,36,25,15,40
30,36,25,15,40
31,36,25,15,40
32,36,15,8,25
33,36,15,8,25
34,36,15,8,25
35,36,15,8,25
36,36,15,8,25
37,36,15,8,25
38,36,14,0,30
39,36,15,8,25
40,36,15,8,25
41,36,15,8,25
42,36,200,0,255
43,36,200,0,255
44,36,200,0,255
45,36,200,0,255
46,36,200,0,255
47,36,200,0,255
48,36,200,0,255
49,36,200,0,255
50,36,200,0,255
51,36,200,0,255
52,36,200,0,255
53,36,200,0,255
54,36,200,0,255
55,36,200,0,255
56,36,15,8,25
57,36,15,8,25
58,36,15,8,25
59,36,15,8,25
60,36,15,8,25
61,36,15,8,25
62,36,15,8,25
63,36,15,8,25
0,37,15,8,25
1,37,0,200,255
2,37,25,15,40
3,37,255,0,100
4,37,255,0,100
5,37,255,0,100
6,37,255,0,100
7,37,255,0,100
8,37,255,0,100
9,37,255,0,100
10,37,255,0,100
11,37,255,0,100
12,37,255,0,100
13,37,25,15,40
14,37,15,8,25
15,37,15,8,25
16,37,15,8,25
17,37,13,0,29
18,37,15,8,25
19,37,15,8,25
20,37,80,80,80
21,37,15,8,25
22,37,25,15,40
23,37,25,15,40
24,37,25,15,40
25,37,25,15,40
26,37,25,15,40
27,37,25,15,40
28,37,25,15,40
29,37,25,15,40
30,37,25,15,40
31,37,25,15,40
32,37,15,8,25
33,37,15,8,25
34,37,15,8,25
35,37,15,8,25
36,37,15,8,25
37,37,15,8,25
38,37,13,0,29
39,37,15,8,25
40,37,15,8,25
41,37,15,8,25
42,37,25,15,40
43,37,25,15,40
44,37,25,15,40
45,37,25,15,40
46,37,25,15,40
47,37,25,15,40
48,37,25,15,40
49,37,25,15,40
50,37,25,15,40
51,37,25,15,40
52,37,25,15,40
53,37,25,15,40
54,37,25,15,40
55,37,25,15,40
56,37,15,8,25
57,37,15,8,25
58,37,15,8,25
59,37,15,8,25
60,37,0,200,255
61,37,15,8,25
62,37,0,200,255
63,37,15,8,25
0,38,15,8,25
1,38,15,8,25
2,38,255,0,100
3,38,25,15,40
4,38,25,15,40
5,38,25,15,40
6,38,25,15,40
7,38,25,15,40
8,38,25,15,40
9,38,25,15,40
10,38,25,15,40
11,38,25,15,40
12,38,25,15,40
13,38,255,0,100
14,38,15,8,25
15,38,15,8,25
16,38,15,8,25
17,38,12,0,28
18,38,15,8,25
19,38,0,200,255
20,38,80,80,80
21,38,15,8,25
22,38,0,255,200
23,38,77,255,217
24,38,25,15,40
25,38,77,255,217
26,38,25,15,40
27,38,25,15,40
28,38,25,15,40
29,38,25,15,40
30,38,25,15,40
31,38,0,255,200
32,38,15,8,25
33,38,15,8,25
34,38,15,8,25
35,38,15,8,25
36,38,15,8,25
37,38,15,8,25
38,38,12,0,28
39,38,15,8,25
40,38,0,200,255
41,38,15,8,25
42,38,25,15,40
43,38,200,0,255
44,38,200,0,255
45,38,200,0,255
46,38,200,0,255
47,38,200,0,255
48,38,200,0,255
49,38,200,0,255
50,38,200,0,255
51,38,200,0,255
52,38,200,0,255
53,38,200,0,255
54,38,200,0,255
55,38,25,15,40
56,38,15,8,25
57,38,15,8,25
58,38,15,8,25
59,38,15,8,25
60,38,15,8,25
61,38,15,8,25
62,38,15,8,25
63,38,15,8,25
0,39,15,8,25
1,39,15,8,25
2,39,25,15,40
3,39,255,77,147
4,39,25,15,40
5,39,25,15,40
6,39,25,15,40
7,39,255,77,147
8,39,25,15,40
9,39,255,77,147
10,39,25,15,40
11,39,25,15,40
12,39,25,15,40
13,39,25,15,40
14,39,15,8,25
15,39,15,8,25
16,39,15,8,25
17,39,12,0,28
18,39,15,8,25
19,39,15,8,25
20,39,80,80,80
21,39,15,8,25
22,39,25,15,40
23,39,25,15,40
24,39,25,15,40
25,39,25,15,40
26,39,25,15,40
27,39,25,15,40
28,39,25,15,40
29,39,25,15,40
30,39,25,15,40
31,39,25,15,40
32,39,15,8,25
33,39,15,8,25
34,39,15,8,25
35,39,15,8,25
36,39,15,8,25
37,39,15,8,25
38,39,12,0,28
39,39,15,8,25
40,39,15,8,25
41,39,15,8,25
42,39,25,15,40
43,39,200,0,255
44,39,200,0,255
45,39,200,0,255
46,39,200,0,255
47,39,200,0,255
48,39,200,0,255
49,39,200,0,255
50,39,200,0,255
51,39,200,0,255
52,39,200,0,255
53,39,200,0,255
54,39,200,0,255
55,39,25,15,40
56,39,15,8,25
57,39,15,8,25
58,39,15,8,25
59,39,15,8,25
60,39,15,8,25
61,39,15,8,25
62,39,15,8,25
63,39,15,8,25
0,40,15,8,25
1,40,15,8,25
2,40,25,15,40
3,40,25,15,40
4,40,25,15,40
5,40,25,15,40
6,40,25,15,40
7,40,25,15,40
8,40,25,15,40
9,40,25,15,40
10,40,25,15,40
11,40,25,15,40
12,40,25,15,40
13,40,25,15,40
14,40,15,8,25
15,40,15,8,25
16,40,15,8,25
17,40,11,0,27
18,40,15,8,25
19,40,15,8,25
20,40,80,80,80
21,40,15,8,25
22,40,25,15,40
23,40,25,15,40
24,40,25,15,40
25,40,25,15,40
26,40,25,15,40
27,40,25,15,40
28,40,25,15,40
29,40,25,15,40
30,40,25,15,40
31,40,25,15,40
32,40,15,8,25
33,40,15,8,25
34,40,15,8,25
35,40,15,8,25
36,40,15,8,25
37,40,15,8,25
38,40,11,0,27
39,40,15,8,25
40,40,15,8,25
41,40,15,8,25
42,40,200,0,255
43,40,25,15,40
44,40,25,15,40
45,40,25,15,40
46,40,25,15,40
47,40,25,15,40
48,40,25,15,40
49,40,25,15,40
50,40,25,15,40
51,40,25,15,40
52,40,25,15,40
53,40,25,15,40
54,40,25,15,40
55,40,200,0,255
56,40,15,8,25
57,40,15,8,25
58,40,15,8,25
59,40,15,8,25
60,40,15,8,25
61,40,15,8,25
62,40,255,50,100
63,40,15,8,25
0,41,15,8,25
1,41,15,8,25
2,41,25,15,40
3,41,25,15,40
4,41,25,15,40
5,41,25,15,40
6,41,25,15,40
7,41,25,15,40
8,41,25,15,40
9,41,25,15,40
10,41,25,15,40
11,41,25,15,40
12,41,25,15,40
13,41,25,15,40
14,41,15,8,25
15,41,15,8,25
16,41,15,8,25
17,41,10,0,26
18,41,15,8,25
19,41,255,50,100
20,41,80,80,80
21,41,255,50,100
22,41,25,15,40
23,41,77,255,217
24,41,25,15,40
25,41,77,255,217
26,41,25,15,40
27,41,25,15,40
28,41,25,15,40
29,41,77,255,217
30,41,25,15,40
31,41,25,15,40
32,41,15,8,25
33,41,15,8,25
34,41,15,8,25
35,41,15,8,25
36,41,15,8,25
37,41,15,8,25
38,41,10,0,26
39,41,15,8,25
40,41,15,8,25
41,41,15,8,25
42,41,25,15,40
43,41,217,77,255
44,41,25,15,40
45,41,217,77,255
46,41,25,15,40
47,41,217,77,255
48,41,25,15,40
49,41,217,77,255
50,41,25,15,40
51,41,217,77,255
52,41,25,15,40
53,41,217,77,255
54,41,25,15,40
55,41,25,15,40
56,41,15,8,25
57,41,15,8,25
58,41,15,8,25
59,41,15,8,25
60,41,15,8,25
61,41,15,8,25
62,41,15,8,25
63,41,15,8,25
0,42,15,8,25
1,42,15,8,25
2,42,255,0,100
3,42,25,15,40
4,42,25,15,40
5,42,25,15,40
6,42,25,15,40
7,42,25,15,40
8,42,25,15,40
9,42,25,15,40
10,42,25,15,40
11,42,255,77,147
12,42,25,15,40
13,42,255,0,100
14,42,15,8,25
15,42,0,200,255
16,42,15,8,25
17,42,9,0,25
18,42,15,8,25
19,42,15,8,25
20,42,80,80,80
21,42,15,8,25
22,42,0,255,200
23,42,25,15,40
24,42,25,15,40
25,42,25,15,40
26,42,25,15,40
27,42,25,15,40
28,42,25,15,40
29,42,25,15,40
30,42,25,15,40
31,42,0,255,200
32,42,15,8,25
33,42,15,8,25
34,42,15,8,25
35,42,15,8,25
36,42,15,8,25
37,42,15,8,25
38,42,9,0,25
39,42,15,8,25
40,42,15,8,25
41,42,15,8,25
42,42,25,15,40
43,42,25,15,40
44,42,25,15,40
45,42,25,15,40
46,42,25,15,40
47,42,25,15,40
48,42,25,15,40
49,42,25,15,40
50,42,25,15,40
51,42,25,15,40
52,42,25,15,40
53,42,25,15,40
54,42,25,15,40
55,42,25,15,40
56,42,15,8,25
57,42,15,8,25
58,42,15,8,25
59,42,15,8,25
60,42,15,8,25
61,42,15,8,25
62,42,15,8,25
63,42,15,8,25
0,43,15,8,25
1,43,15,8,25
2,43,25,15,40
3,43,25,15,40
4,43,25,15,40
5,43,25,15,40
6,43,25,15,40
7,43,25,15,40
8,43,25,15,40
9,43,25,15,40
10,43,25,15,40
11,43,25,15,40
12,43,25,15,40
13,43,25,15,40
14,43,15,8,25
15,43,15,8,25
16,43,15,8,25
17,43,9,0,24
18,43,15,8,25
19,43,15,8,25
20,43,80,80,80
21,43,15,8,25
22,43,25,15,40
23,43,25,15,40
24,43,25,15,40
25,43,25,15,40
26,43,25,15,40
27,43,25,15,40
28,43,25,15,40
29,43,25,15,40
30,43,25,15,40
31,43,25,15,40
32,43,15,8,25
33,43,15,8,25
34,43,15,8,25
35,43,15,8,25
36,43,15,8,25
37,43,15,8,25
38,43,9,0,24
39,43,15,8,25
40,43,15,8,25
41,43,15,8,25
42,43,25,15,40
43,43,25,15,40
44,43,25,15,40
45,43,25,15,40
46,43,25,15,40
47,43,25,15,40
48,43,25,15,40
49,43,25,15,40
50,43,25,15,40
51,43,25,15,40
52,43,25,15,40
53,43,25,15,40
54,43,25,15,40
55,43,25,15,40
56,43,15,8,25
57,43,15,8,25
58,43,15,8,25
59,43,15,8,25
60,43,15,8,25
61,43,15,8,25
62,43,15,8,25
63,43,15,8,25
0,44,102,0,40
1,44,20,10,35
2,44,20,10,35
3,44,0,102,80
4,44,20,10,35
5,44,20,10,35
6,44,0,102,80
7,44,20,10,35
8,44,20,10,35
9,44,0,102,80
10,44,20,10,35
11,44,20,10,35
12,44,0,102,80
13,44,20,10,35
14,44,20,10,35
15,44,0,102,80
16,44,20,10,35
17,44,20,10,35
18,44,102,0,40
19,44,20,10,35
20,44,80,80,80
21,44,0,102,80
22,44,20,10,35
23,44,20,10,35
24,44,0,102,80
25,44,20,10,35
26,44,20,10,35
27,44,80,0,102
28,44,20,10,35
29,44,20,10,35
30,44,102,0,40
31,44,20,10,35
32,44,20,10,35
33,44,102,0,40
34,44,20,10,35
35,44,20,10,35
36,44,102,0,40
37,44,20,10,35
38,44,20,10,35
39,44,80,0,102
40,44,20,10,35
41,44,20,10,35
42,44,102,0,40
43,44,20,10,35
44,44,20,10,35
45,44,102,0,40
46,44,20,10,35
47,44,20,10,35
48,44,102,0,40
49,44,20,10,35
50,44,20,10,35
51,44,0,102,80
52,44,20,10,35
53,44,20,10,35
54,44,102,0,40
55,44,20,10,35
56,44,20,10,35
57,44,102,0,40
58,44,20,10,35
59,44,20,10,35
60,44,102,0,40
61,44,20,10,35
62,44,20,10,35
63,44,0,102,80
0,45,15,8,28
1,45,15,8,28
2,45,15,8,28
3,45,15,8,28
4,45,15,8,28
5,45,15,8,28
6,45,15,8,28
7,45,15,8,28
8,45,15,8,28
9,45,15,8,28
10,45,15,8,28
11,45,15,8,28
12,45,15,8,28
13,45,15,8,28
14,45,15,8,28
15,45,15,8,28
16,45,15,8,28
17,45,15,8,28
18,45,15,8,28
19,45,15,8,28
20,45,80,80,80
21,45,15,8,28
22,45,15,8,28
23,45,15,8,28
24,45,15,8,28
25,45,15,8,28
26,45,15,8,28
27,45,15,8,28
28,45,15,8,28
29,45,15,8,28
30,45,15,8,28
31,45,15,8,28
32,45,15,8,28
33,45,15,8,28
34,45,15,8,28
35,45,15,8,28
36,45,15,8,28
37,45,15,8,28
38,45,15,8,28
39,45,15,8,28
40,45,15,8,28
41,45,15,8,28
42,45,15,8,28
43,45,15,8,28
44,45,15,8,28
45,45,15,8,28
46,45,15,8,28
47,45,15,8,28
48,45,15,8,28
49,45,15,8,28
50,45,15,8,28
51,45,15,8,28
52,45,15,8,28
53,45,15,8,28
54,45,15,8,28
55,45,15,8,28
56,45,15,8,28
57,45,15,8,28
58,45,15,8,28
59,45,15,8,28
60,45,15,8,28
61,45,15,8,28
62,45,15,8,28
63,45,15,8,28
0,46,15,8,25
1,46,15,8,25
2,46,255,0,100
3,46,25,15,40
4,46,25,15,40
5,46,25,15,40
6,46,25,15,40
7,46,25,15,40
8,46,25,15,40
9,46,25,15,40
10,46,25,15,40
11,46,25,15,40
12,46,25,15,40
13,46,255,0,100
14,46,15,8,25
15,46,15,8,25
16,46,15,8,25
17,46,6,0,22
18,46,15,8,25
19,46,15,8,25
20,46,15,8,25
21,46,15,8,25
22,46,0,255,200
23,46,25,15,40
24,46,25,15,40
25,46,25,15,40
26,46,25,15,40
27,46,25,15,40
28,46,25,15,40
29,46,25,15,40
30,46,25,15,40
31,46,0,255,200
32,46,15,8,25
33,46,15,8,25
34,46,15,8,25
35,46,15,8,25
36,46,15,8,25
37,46,15,8,25
38,46,6,0,22
39,46,15,8,25
40,46,15,8,25
41,46,15,8,25
42,46,25,15,40
43,46,25,15,40
44,46,25,15,40
45,46,25,15,40
46,46,25,15,40
47,46,25,15,40
48,46,25,15,40
49,46,25,15,40
50,46,25,15,40
51,46,25,15,40
52,46,25,15,40
53,46,25,15,40
54,46,25,15,40
55,46,25,15,40
56,46,15,8,25
57,46,15,8,25
58,46,15,8,25
59,46,15,8,25
60,46,15,8,25
61,46,15,8,25
62,46,15,8,25
63,46,15,8,25
0,47,15,8,25
1,47,15,8,25
2,47,25,15,40
3,47,25,15,40
4,47,25,15,40
5,47,25,15,40
6,47,25,15,40
7,47,25,15,40
8,47,25,15,40
9,47,25,15,40
10,47,25,15,40
11,47,25,15,40
12,47,25,15,40
13,47,25,15,40
14,47,15,8,25
15,47,15,8,25
16,47,15,8,25
17,47,6,0,21
18,47,15,8,25
19,47,15,8,25
20,47,15,8,25
21,47,15,8,25
22,47,25,15,40
23,47,25,15,40
24,47,25,15,40
25,47,25,15,40
26,47,25,15,40
27,47,25,15,40
28,47,25,15,40
29,47,25,15,40
30,47,25,15,40
31,47,25,15,40
32,47,15,8,25
33,47,15,8,25
34,47,15,8,25
35,47,15,8,25
36,47,15,8,25
37,47,15,8,25
38,47,6,0,21
39,47,15,8,25
40,47,15,8,25
41,47,15,8,25
42,47,25,15,40
43,47,25,15,40
44,47,25,15,40
45,47,25,15,40
46,47,25,15,40
47,47,25,15,40
48,47,25,15,40
49,47,25,15,40
50,47,25,15,40
51,47,25,15,40
52,47,25,15,40
53,47,25,15,40
54,47,25,15,40
55,47,25,15,40
56,47,15,8,25
57,47,15,8,25
58,47,15,8,25
59,47,15,8,25
60,47,15,8,25
61,47,15,8,25
62,47,15,8,25
63,47,15,8,25