0,0,0,120,200
1,0,0,116,195
2,0,0,112,190
3,0,0,109,186
4,0,0,107,183
5,0,20,137,197
6,0,0,107,182
7,0,0,108,184
8,0,0,111,188
9,0,0,114,192
10,0,0,118,197
11,0,0,122,203
12,0,0,126,208
13,0,20,159,227
14,0,0,132,216
15,0,0,133,218
16,0,0,133,218
17,0,0,132,217
18,0,0,130,214
19,0,0,127,210
20,0,0,124,205
21,0,20,150,215
22,0,0,116,194
23,0,0,112,190
24,0,0,109,186
25,0,0,107,183
26,0,0,107,182
27,0,0,107,183
28,0,0,108,185
29,0,20,141,203
30,0,0,114,193
31,0,0,118,198
32,0,0,122,203
33,0,0,126,208
34,0,0,129,213
35,0,0,132,216
36,0,0,133,218
37,0,20,163,233
38,0,0,132,217
39,0,0,130,214
40,0,0,127,210
41,0,0,124,205
42,0,0,120,199
43,0,0,116,194
44,0,0,112,189
45,0,20,139,201
46,0,0,107,183
47,0,0,107,182
48,0,0,107,183
49,0,0,109,185
50,0,0,111,188
51,0,0,115,193
52,0,0,119,198
53,0,20,153,218
54,0,0,126,209
55,0,0,130,213
56,0,0,132,216
57,0,0,133,218
58,0,0,133,218
59,0,0,132,216
60,0,0,130,214
61,0,20,157,224
62,0,0,123,204
63,0,0,119,199
0,1,0,116,195
1,1,0,112,190
2,1,0,109,185
3,1,0,106,182
4,1,0,105,180
5,1,0,105,180
6,1,20,136,196
7,1,0,108,183
8,1,0,111,187
9,1,0,114,192
10,1,0,118,198
11,1,0,122,203
12,1,0,126,208
13,1,0,129,212
14,1,20,161,229
15,1,0,132,215
16,1,0,131,215
17,1,0,130,213
18,1,0,127,210
19,1,0,124,205
20,1,0,120,200
21,1,0,116,195
22,1,20,142,204
23,1,0,109,185
24,1,0,106,182
25,1,0,105,180
26,1,0,105,180
27,1,0,106,181
28,1,0,108,184
29,1,0,111,188
30,1,20,144,208
31,1,0,118,198
32,1,0,122,203
33,1,0,126,208
34,1,0,129,212
35,1,0,131,214
36,1,0,132,215
37,1,0,131,215
38,1,20,160,228
39,1,0,127,209
40,1,0,124,205
41,1,0,120,200
42,1,0,116,194
43,1,0,112,189
44,1,0,109,185
45,1,0,106,182
46,1,20,135,195
47,1,0,105,180
48,1,0,106,181
49,1,0,108,184
50,1,0,111,188
51,1,0,115,193
52,1,0,119,198
53,1,0,123,204
54,1,20,156,223
55,1,0,129,212
56,1,0,131,215
57,1,0,132,215
58,1,0,131,215
59,1,0,129,213
60,1,0,127,209
61,1,0,123,205
62,1,20,149,214
63,1,0,115,194
0,2,0,112,190
1,2,0,109,185
2,2,0,106,181
3,2,0,104,178
4,2,0,103,177
5,2,0,103,177
6,2,20,135,194
7,2,0,107,183
8,2,0,110,187
9,2,0,114,192
10,2,0,118,198
11,2,0,122,203
12,2,0,126,207
13,2,0,128,211
14,2,20,159,228
15,2,0,130,213
16,2,0,129,212
17,2,0,127,209
18,2,0,124,205
19,2,0,120,200
20,2,0,116,195
21,2,0,112,189
22,2,20,138,200
23,2,0,106,181
24,2,0,104,178
25,2,0,103,177
26,2,0,103,178
27,2,0,105,180
28,2,0,107,183
29,2,0,111,188
30,2,20,145,208
31,2,0,119,198
32,2,0,122,203
33,2,0,126,208
34,2,0,128,211
35,2,0,129,213
36,2,0,130,213
37,2,0,129,212
38,2,20,157,224
39,2,0,123,205
40,2,0,120,200
41,2,0,116,194
42,2,0,112,189
43,2,0,108,184
44,2,0,105,181
45,2,0,104,178
46,2,20,133,192
47,2,0,103,178
48,2,0,105,180
49,2,0,107,183
50,2,0,111,188
51,2,0,115,193
52,2,0,119,198
53,2,0,123,204
54,2,20,156,223
55,2,0,128,211
56,2,0,130,213
57,2,0,130,213
58,2,0,129,211
59,2,0,126,209
60,2,0,123,204
61,2,0,120,199
62,2,20,146,209
63,2,0,112,189
0,3,0,109,185
1,3,0,105,180
2,3,0,103,177
3,3,0,101,175
4,3,0,101,175
5,3,0,102,176
6,3,0,104,178
7,3,20,137,197
8,3,0,110,187
9,3,0,114,193
10,3,0,118,198
11,3,0,122,203
12,3,0,125,207
13,3,0,127,209
14,3,0,128,210
15,3,20,157,225
16,3,0,126,208
17,3,0,123,205
18,3,0,120,200
19,3,0,116,195
20,3,0,112,190
21,3,0,108,184
22,3,0,105,180
23,3,20,133,192
24,3,0,101,175
25,3,0,101,175
26,3,0,102,176
27,3,0,104,179
28,3,0,107,183
29,3,0,111,188
30,3,0,115,193
31,3,20,149,213
32,3,0,122,203
33,3,0,125,207
34,3,0,127,209
35,3,0,128,210
36,3,0,127,210
37,3,0,126,208
38,3,0,123,204
39,3,20,150,215
40,3,0,116,195
41,3,0,112,189
42,3,0,108,184
43,3,0,105,180
44,3,0,102,177
45,3,0,101,175
46,3,0,101,175
47,3,20,132,191
48,3,0,104,179
49,3,0,107,183
50,3,0,111,188
51,3,0,115,193
52,3,0,119,199
53,3,0,122,203
54,3,0,125,207
55,3,20,157,225
56,3,0,128,210
57,3,0,127,210
58,3,0,126,208
59,3,0,123,204
60,3,0,120,200
61,3,0,116,194
62,3,0,112,189
63,3,20,138,199
0,4,0,105,180
1,4,0,102,176
2,4,0,100,173
3,4,0,99,172
4,4,0,99,172
5,4,0,101,174
6,4,0,103,178
7,4,20,137,197
8,4,0,111,187
9,4,0,115,193
10,4,0,118,198
11,4,0,122,202
12,4,0,124,206
13,4,0,126,208
14,4,0,126,208
15,4,20,155,222
16,4,0,123,204
17,4,0,120,200
18,4,0,116,195
19,4,0,112,190
20,4,0,108,184
21,4,0,105,180
22,4,0,102,176
23,4,20,130,188
24,4,0,99,172
25,4,0,99,173
26,4,0,101,175
27,4,0,104,178
28,4,150,200,255
29,4,200,230,255
30,4,0,115,193
31,4,20,149,213
32,4,0,122,203
33,4,0,124,206
34,4,0,126,208
35,4,0,126,208
36,4,0,125,207
37,4,0,123,204
38,4,0,120,200
39,4,20,146,210
40,4,0,112,189
41,4,0,108,184
42,4,0,105,179
43,4,0,102,176
44,4,0,100,173
45,4,0,99,172
46,4,0,99,173
47,4,20,131,190
48,4,0,104,178
49,4,0,107,183
50,4,0,111,188
51,4,0,115,193
52,4,0,119,199
53,4,0,122,203
54,4,0,124,206
55,4,20,156,223
56,4,0,126,208
57,4,0,125,206
58,4,0,123,204
59,4,0,120,199
60,4,0,116,194
61,4,0,112,189
62,4,0,108,184
63,4,20,134,194
0,5,0,101,175
1,5,0,99,172
2,5,0,97,170
3,5,0,97,170
4,5,0,98,171
5,5,0,100,173
6,5,0,103,177
7,5,20,137,197
8,5,0,111,188
9,5,0,115,193
10,5,0,118,198
11,5,0,121,202
12,5,0,123,204
13,5,0,124,205
14,5,0,124,205
15,5,20,152,218
16,5,0,120,200
17,5,0,116,195
18,5,0,112,190
19,5,0,108,185
20,5,0,105,179
21,5,0,101,175
22,5,0,99,172
23,5,20,127,185
24,5,0,97,170
25,5,0,98,171
26,5,0,100,174
27,5,0,103,178
28,5,0,107,183
29,5,0,111,188
30,5,0,115,193
31,5,20,149,213
32,5,0,121,202
33,5,0,123,204
34,5,0,124,205
35,5,0,124,205
36,5,0,122,203
37,5,0,119,199
38,5,0,116,195
39,5,20,142,205
40,5,0,108,184
41,5,0,104,179
42,5,0,101,175
43,5,0,99,172
44,5,0,97,170
45,5,0,97,170
46,5,0,98,171
47,5,20,130,189
48,5,0,103,178
49,5,0,107,183
50,5,0,111,188
51,5,0,115,194
52,5,0,119,198
53,5,0,122,202
54,5,0,123,205
55,5,20,154,220
56,5,0,124,205
57,5,0,122,203
58,5,0,119,199
59,5,0,116,195
60,5,0,112,189
61,5,0,108,184
62,5,0,104,179
63,5,20,131,190
0,6,0,98,171
1,6,0,96,168
2,6,0,95,167
3,6,0,96,167
4,6,0,97,169
5,6,0,100,173
6,6,0,103,177
7,6,20,137,197
8,6,0,111,188
9,6,0,115,193
10,6,0,118,197
11,6,0,121,201
12,6,0,122,203
13,6,0,122,203
14,6,0,121,202
15,6,20,149,214
16,6,0,116,195
17,6,0,113,190
18,6,0,109,185
19,6,0,105,179
20,6,0,101,175
21,6,0,98,171
22,6,0,96,168
23,6,20,125,182
24,6,0,96,168
25,6,0,97,170
26,6,0,100,173
27,6,0,103,178
28,6,0,107,183
29,6,0,111,188
30,6,0,115,193
31,6,20,148,213
32,6,0,121,201
33,6,0,122,203
34,6,0,122,203
35,6,150,200,255
36,6,200,230,255
37,6,0,116,195
38,6,0,112,190
39,6,20,138,199
40,6,0,104,179
41,6,0,101,174
42,6,0,98,171
43,6,0,96,168
44,6,0,95,167
45,6,0,96,168
46,6,0,97,170
47,6,20,130,188
48,6,0,103,178
49,6,0,107,183
50,6,0,111,188
51,6,0,115,194
52,6,0,118,198
53,6,0,121,201
54,6,0,122,203
55,6,20,152,218
56,6,0,121,201
57,6,0,119,199
58,6,0,116,194
59,6,0,112,189
60,6,0,108,184
61,6,0,104,179
62,6,0,101,174
63,6,20,128,185
0,7,0,95,167
1,7,0,94,165
2,7,0,93,165
3,7,0,94,166
4,7,0,96,168
5,7,0,99,172
6,7,0,103,177
7,7,20,137,198
8,7,0,111,188
9,7,0,115,193
10,7,0,118,197
11,7,0,119,199
12,7,0,120,200
13,7,0,120,200
14,7,0,118,198
15,7,20,146,210
16,7,0,113,190
17,7,0,109,185
18,7,0,105,180
19,7,0,101,174
20,7,0,98,170
21,7,0,95,167
22,7,0,94,165
23,7,20,123,180
24,7,0,94,166
25,7,0,97,169
26,7,0,100,173
27,7,0,103,178
28,7,0,107,183
29,7,0,111,188
30,7,0,115,193
31,7,20,148,212
32,7,0,120,199
33,7,0,120,200
34,7,0,120,200
35,7,0,118,198
36,7,0,116,194
37,7,0,112,190
38,7,0,108,185
39,7,20,134,194
40,7,0,101,174
41,7,0,97,170
42,7,0,95,167
43,7,0,94,165
44,7,0,93,165
45,7,0,95,166
46,7,0,97,169
47,7,20,130,188
48,7,0,103,178
49,7,0,107,183
50,7,0,111,189
51,7,0,115,193
52,7,0,118,197
53,7,0,120,200
54,7,0,120,200
55,7,20,150,215
56,7,0,118,198
57,7,0,116,194
58,7,0,112,190
59,7,0,108,184
60,7,0,104,179
61,7,0,100,174
62,7,0,97,170
63,7,20,125,181
0,8,0,92,163
1,8,0,92,162
2,8,0,92,162
3,8,0,93,164
4,8,0,96,168
5,8,0,99,172
6,8,20,133,192
7,8,0,107,183
8,8,0,111,188
9,8,0,114,192
10,8,0,117,196
11,8,0,118,198
12,8,0,118,198
13,8,0,117,197
14,8,20,145,209
15,8,0,112,190
16,8,0,109,185
17,8,0,105,180
18,8,150,200,255
19,8,200,230,255
20,8,0,94,166
21,8,0,92,163
22,8,20,122,177
23,8,0,92,163
24,8,0,93,165
25,8,0,96,168
26,8,0,99,173
27,8,0,103,178
28,8,0,107,183
29,8,0,111,188
30,8,20,144,208
31,8,0,117,196
32,8,0,118,198
33,8,0,118,198
34,8,0,117,197
35,8,0,115,194
36,8,0,112,190
37,8,0,109,185
38,8,20,135,194
39,8,0,101,174
40,8,0,97,169
41,8,0,94,166
42,8,0,92,163
43,8,0,92,162
44,8,0,92,163
45,8,0,94,165
46,8,20,126,183
47,8,0,100,173
48,8,0,104,178
49,8,0,108,183
50,8,0,111,189
51,8,0,115,193
52,8,0,117,196
53,8,0,118,198
54,8,20,148,213
55,8,0,117,196
56,8,0,115,194
57,8,0,112,189
58,8,0,108,184
59,8,0,104,179
60,8,0,100,174
61,8,0,97,169
62,8,20,124,180
63,8,0,92,163
0,9,0,90,160
1,9,0,90,160
2,9,0,91,161
3,9,0,93,163
4,9,0,96,167
5,9,0,99,172
6,9,20,133,193
7,9,0,107,183
8,9,0,111,188
9,9,0,114,192
10,9,0,116,194
11,9,0,117,195
12,9,0,116,195
13,9,0,115,193
14,9,20,142,205
15,9,0,109,185
16,9,0,105,180
17,9,0,101,175
18,9,0,97,169
19,9,0,94,165
20,9,0,91,162
21,9,0,90,160
22,9,20,120,175
23,9,0,91,161
24,9,0,93,164
25,9,0,96,168
26,9,0,99,173
27,9,0,103,178
28,9,0,107,183
29,9,0,111,188
30,9,20,144,207
31,9,0,116,194
32,9,0,117,195
33,9,0,116,195
34,9,0,115,193
35,9,0,112,189
36,9,0,109,185
37,9,0,105,180
38,9,20,131,189
39,9,0,97,169
40,9,0,94,165
41,9,0,91,162
42,9,0,90,160
43,9,0,90,160
44,9,0,91,161
45,9,0,93,164
46,9,20,126,183
47,9,0,100,173
48,9,0,104,178
49,9,0,108,184
50,9,0,111,188
51,9,0,114,192
52,9,0,116,195
53,9,0,117,195
54,9,20,146,210
55,9,0,114,193
56,9,0,112,189
57,9,0,108,185
58,9,0,104,179
59,9,0,100,174
60,9,0,97,169
61,9,0,93,165
62,9,20,121,176
63,9,0,90,160
0,10,0,88,157
1,10,0,88,157
2,10,0,90,159
3,10,0,92,163
4,10,0,95,167
5,10,20,129,187
6,10,0,103,178
7,10,0,107,183
8,10,150,200,255
9,10,200,230,255
10,10,0,114,193
11,10,0,115,193
12,10,0,114,192
13,10,20,142,204
14,10,0,109,185
15,10,0,105,180
16,10,0,101,175
17,10,0,97,169
18,10,0,93,165
19,10,0,91,161
20,10,0,89,158
21,10,20,118,172
22,10,0,88,158
23,10,0,90,160
24,10,0,92,163
25,10,0,96,168
26,10,0,100,173
27,10,0,104,178
28,10,0,107,183
29,10,20,141,203
30,10,0,113,191
31,10,0,114,193
32,10,0,115,193
33,10,0,114,192
34,10,0,112,189
35,10,0,108,185
36,10,0,105,180
37,10,20,131,189
38,10,0,97,169
39,10,0,93,164
40,10,0,90,161
41,10,0,89,158
42,10,0,88,157
43,10,0,88,158
44,10,0,90,160
45,10,20,122,178
46,10,0,96,168
47,10,0,100,173
48,10,0,104,178
49,10,0,108,184
50,10,0,111,188
51,10,0,113,191
52,10,0,115,193
53,10,20,145,208
54,10,0,114,191
55,10,0,111,189
56,10,0,108,184
57,10,0,105,179
58,10,0,101,174
59,10,0,97,169
60,10,0,93,164
61,10,20,120,175
62,10,0,88,158
63,10,0,88,157
0,11,0,86,155
1,11,200,50,50
2,11,0,89,158
3,11,0,92,162
4,11,0,95,167
5,11,220,60,60
6,11,0,103,178
7,11,0,107,183
8,11,0,110,187
9,11,200,50,50
10,11,0,113,190
11,11,0,112,190
12,11,0,111,188
13,11,20,138,200
14,11,0,105,180
15,11,220,60,60
16,11,0,97,170
17,11,0,93,164
18,11,0,90,160
19,11,200,50,50
20,11,0,86,155
21,11,20,116,170
22,11,0,87,156
23,11,220,60,60
24,11,0,92,163
25,11,0,96,168
26,11,0,100,173
27,11,200,50,50
28,11,0,107,183
29,11,20,140,202
30,11,0,112,189
31,11,0,113,190
32,11,0,112,190
33,11,0,111,188
34,11,0,108,184
35,11,0,105,180
36,11,0,101,175
37,11,20,127,184
38,11,0,93,164
39,11,0,90,160
40,11,0,87,157
41,11,0,86,155
42,11,0,86,155
43,11,0,87,156
44,11,0,89,159
45,11,20,122,178
46,11,0,96,168
47,11,0,100,173
48,11,0,104,179
49,11,0,107,183
50,11,0,110,187
51,11,0,112,190
52,11,0,113,190
53,11,20,142,205
54,11,0,111,188
55,11,0,108,184
56,11,0,105,180
57,11,0,101,174
58,11,0,97,169
59,11,0,93,164
60,11,0,90,160
61,11,20,117,171
62,11,0,86,155
63,11,0,86,155
0,12,0,84,152
1,12,0,86,154
2,12,0,88,158
3,12,0,92,162
4,12,20,126,182
5,12,0,100,173
6,12,0,103,178
7,12,0,107,182
8,12,0,109,186
9,12,0,111,188
10,12,0,111,188
11,12,0,110,187
12,12,20,138,199
13,12,0,105,180
14,12,0,101,175
15,12,0,97,170
16,12,0,93,164
17,12,0,90,160
18,12,0,87,156
19,12,0,85,153
20,12,20,114,167
21,12,0,84,153
22,12,0,86,155
23,12,0,89,158
24,12,0,92,163
25,12,0,96,168
26,12,0,100,173
27,12,0,104,178
28,12,20,137,198
29,12,0,109,186
30,12,0,111,188
31,12,0,111,188
32,12,0,110,187
33,12,0,108,184
34,12,0,105,180
35,12,0,101,175
36,12,20,127,184
37,12,0,93,164
38,12,0,90,159
39,12,0,87,156
40,12,0,85,153
41,12,0,84,152
42,12,0,84,153
43,12,0,86,155
44,12,20,119,173
45,12,0,92,163
46,12,0,96,168
47,12,0,100,173
48,12,0,104,179
49,12,0,107,183
50,12,150,200,255
51,12,200,230,255
52,12,20,141,203
53,12,0,110,186
54,12,0,108,184
55,12,0,105,179
56,12,0,101,174
57,12,0,97,169
58,12,0,93,164
59,12,0,89,159
60,12,20,117,170
61,12,0,85,153
62,12,0,84,152
63,12,0,85,153
0,13,0,83,151
1,13,0,85,153
2,13,0,88,157
3,13,0,92,162
4,13,20,126,183
5,13,0,100,173
6,13,0,103,178
7,13,0,106,182
8,13,0,108,184
9,13,0,109,185
10,13,0,109,185
11,13,0,107,183
12,13,20,135,195
13,13,0,101,175
14,13,0,97,170
15,13,0,93,165
16,13,0,90,159
17,13,0,86,155
18,13,0,84,152
19,13,0,82,150
20,13,20,112,165
21,13,0,83,151
22,13,0,85,154
23,13,0,88,158
24,13,0,92,163
25,13,0,96,168
26,13,0,100,173
27,13,0,104,178
28,13,20,136,197
29,13,0,108,184
30,13,0,109,185
31,13,0,109,185
32,13,0,107,183
33,13,0,104,179
34,13,0,101,175
35,13,0,97,170
36,13,20,123,179
37,13,0,89,159
38,13,0,86,155
39,13,0,84,152
40,13,0,82,150
41,13,0,82,150
42,13,0,83,151
43,13,0,85,154
44,13,20,118,173
45,13,0,92,163
46,13,0,96,168
47,13,0,100,174
48,13,0,104,178
49,13,0,107,182
50,13,0,108,185
51,13,0,109,185
52,13,20,139,200
53,13,0,107,183
54,13,0,104,179
55,13,0,101,175
56,13,0,97,169
57,13,0,93,164
58,13,0,89,159
59,13,0,86,155
60,13,20,114,166
61,13,0,82,150
62,13,0,82,150
63,13,0,83,151
0,14,0,82,149
1,14,0,85,153
2,14,0,88,157
3,14,200,50,50
4,14,0,96,168
5,14,220,60,60
6,14,0,103,177
7,14,0,106,181
8,14,0,107,183
9,14,200,50,50
10,14,0,106,182
11,14,20,134,194
12,14,0,101,175
13,14,0,98,170
14,14,0,94,165
15,14,220,60,60
16,14,0,86,155
17,14,0,83,151
18,14,0,81,148
19,14,200,50,50
20,14,0,81,148
21,14,220,60,60
22,14,0,85,153
23,14,0,88,158
24,14,0,92,163
25,14,200,50,50
26,14,0,100,173
27,14,20,133,193
28,14,0,106,181
29,14,0,107,183
30,14,0,107,183
31,14,0,106,182
32,14,0,104,179
33,14,0,101,175
34,14,0,97,170
35,14,20,123,179
36,14,0,89,159
37,14,0,86,154
38,14,0,83,151
39,14,0,81,148
40,14,0,100,255
41,14,0,100,255
42,14,0,100,255
43,14,0,100,255
44,14,0,100,255
45,14,0,100,255
46,14,0,96,168
47,14,0,100,174
48,14,0,103,178
49,14,0,106,181
50,14,0,107,183
51,14,20,137,198
52,14,0,106,181
53,14,0,104,179
54,14,0,101,174
55,14,0,97,169
56,14,0,93,164
57,14,0,89,159
58,14,0,86,154
59,14,20,113,165
60,14,0,81,148
61,14,0,80,147
62,14,0,81,148
63,14,0,82,150
0,15,0,81,148
1,15,0,84,152
2,15,0,88,157
3,15,20,122,178
4,15,0,96,168
5,15,255,220,0
6,15,255,220,0
7,15,255,220,0
8,15,255,220,0
9,15,255,220,0
10,15,255,220,0
11,15,255,220,0
12,15,0,98,170
13,15,0,94,165
14,15,0,90,160
15,15,0,86,154
16,15,0,83,150
17,15,0,80,147
18,15,0,79,145
19,15,20,108,160
20,15,0,79,146
21,15,0,82,149
22,15,0,85,153
23,15,0,88,158
24,15,0,92,163
25,15,0,96,168
26,15,0,100,173
27,15,20,133,192
28,15,0,105,179
29,15,0,105,180
30,15,0,105,180
31,15,0,103,178
32,15,0,101,174
33,15,0,97,170
34,15,0,93,165
35,15,20,119,174
36,15,0,86,154
37,15,0,82,150
38,15,0,80,147
39,15,0,79,145
40,15,0,100,255
41,15,0,100,255
42,15,0,100,255
43,15,0,100,255
44,15,0,100,255
45,15,0,100,255
46,15,0,100,255
47,15,0,100,255
48,15,0,103,177
49,15,0,105,180
50,15,0,105,180
51,15,20,135,195
52,15,0,103,178
53,15,0,101,174
54,15,0,97,170
55,15,0,93,164
56,15,0,89,159
57,15,0,85,154
58,15,0,82,150
59,15,20,110,161
60,15,0,79,145
61,15,0,78,145
62,15,0,80,146
63,15,0,82,149
0,16,0,81,148
1,16,0,84,152
2,16,0,88,157
3,16,20,122,178
4,16,0,96,168
5,16,255,220,0
6,16,255,220,0
7,16,255,220,0
8,16,255,220,0
9,16,255,220,0
10,16,255,220,0
11,16,255,220,0
12,16,255,220,0
13,16,255,220,0
14,16,0,86,154
15,16,0,82,150
16,16,0,79,146
17,16,0,77,143
18,16,0,77,142
19,16,20,107,158
20,16,0,78,145
21,16,0,81,148
22,16,0,84,153
23,16,0,88,158
24,16,0,92,163
25,16,0,96,168
26,16,0,99,173
27,16,20,132,191
28,16,0,103,178
29,16,0,103,178
30,16,0,102,177
31,16,0,100,174
32,16,0,97,170
33,16,0,94,165
34,16,0,90,159
35,16,20,116,169
36,16,0,82,149
37,16,0,79,146
38,16,0,77,143
39,16,0,77,142
40,16,0,0,0
41,16,0,100,255
42,16,0,100,255
43,16,0,100,255
44,16,0,100,255
45,16,0,100,255
46,16,0,100,255
47,16,0,100,255
48,16,0,100,255
49,16,0,103,178
50,16,0,103,178
51,16,20,132,191
52,16,0,100,174
53,16,0,97,169
54,16,0,93,164
55,16,0,89,159
56,16,0,85,154
57,16,0,82,149
58,16,0,79,145
59,16,20,107,158
60,16,0,77,142
61,16,0,77,143
62,16,0,79,145
63,16,0,81,149
0,17,0,81,147
1,17,220,60,60
2,17,0,88,158
3,17,20,122,178
4,17,0,96,168
5,17,0,0,0
6,17,255,220,0
7,17,255,220,0
8,17,255,220,0
9,17,255,220,0
10,17,255,220,0
11,17,255,220,0
12,17,255,220,0
13,17,255,220,0
14,17,255,220,0
15,17,220,60,60
16,17,0,76,142
17,17,0,75,140
18,17,0,75,140
19,17,200,50,50
20,17,0,78,144
21,17,0,81,148
22,17,0,84,153
23,17,200,50,50
24,17,0,92,163
25,17,0,96,168
26,17,0,99,172
27,17,20,131,189
28,17,0,102,175
29,17,0,101,175
30,17,0,100,173
31,17,0,97,169
32,17,0,94,165
33,17,0,90,160
34,17,0,86,154
35,17,20,112,164
36,17,0,79,145
37,17,0,76,142
38,17,0,75,140
39,17,0,75,140
40,17,0,100,255
41,17,0,100,255
42,17,0,100,255
43,17,0,100,255
44,17,0,100,255
45,17,0,100,255
46,17,0,100,255
47,17,0,100,255
48,17,0,101,175
49,17,0,102,175
50,17,0,101,175
51,17,20,129,188
52,17,0,97,169
53,17,0,93,165
54,17,0,89,159
55,17,0,85,154
56,17,0,82,149
57,17,0,78,145
58,17,0,76,141
59,17,20,105,155
60,17,0,75,140
61,17,0,76,141
62,17,0,78,144
63,17,0,81,148
0,18,0,80,147
1,18,0,84,152
2,18,0,88,158
3,18,20,122,178
4,18,0,96,167
5,18,255,220,0
6,18,255,220,0
7,18,255,220,0
8,18,255,220,0
9,18,255,220,0
10,18,255,220,0
11,18,255,220,0
12,18,255,220,0
13,18,255,220,0
14,18,0,78,145
15,18,0,76,141
16,18,0,74,138
17,18,0,73,137
18,18,0,73,138
19,18,20,105,155
20,18,0,77,143
21,18,0,81,148
22,18,0,85,153
23,18,0,89,158
24,18,0,92,163
25,18,0,96,168
26,18,0,98,171
27,18,20,129,188
28,18,0,100,173
29,18,0,99,172
30,18,0,97,169
31,18,0,93,165
32,18,0,90,160
33,18,0,86,154
34,18,0,82,149
35,18,20,108,159
36,18,0,75,141
37,18,0,74,138
38,18,0,73,137
39,18,0,73,138
40,18,0,75,140
41,18,0,77,143
42,18,0,81,148
43,18,20,115,168
44,18,0,89,158
45,18,0,100,255
46,18,0,96,168
47,18,0,98,171
48,18,0,100,173
49,18,0,100,173
50,18,0,99,171
51,18,20,126,184
52,18,0,93,164
53,18,0,90,159
54,18,0,86,154
55,18,0,82,149
56,18,0,78,144
57,18,0,75,140
58,18,0,73,138
59,18,20,103,152
60,18,0,73,138
61,18,0,75,140
62,18,0,78,144
63,18,0,81,148
0,19,0,80,147
1,19,0,84,153
2,19,0,88,158
3,19,0,92,163
4,19,20,125,182
5,19,0,97,169
6,19,0,98,170
7,19,0,97,170
8,19,0,96,168
9,19,0,93,165
10,19,0,90,160
11,19,255,220,0
12,19,20,112,165
13,19,0,78,144
14,19,0,75,140
15,19,0,73,137
16,19,0,71,135
17,19,0,71,135
18,19,0,72,136
19,19,0,74,139
20,19,20,107,158
21,19,255,255,255
22,19,0,85,153
23,19,255,255,255
24,19,0,92,163
25,19,0,95,167
26,19,0,97,169
27,19,0,98,170
28,19,20,127,185
29,19,0,96,168
30,19,0,93,164
31,19,0,90,160
32,19,0,86,155
33,19,0,82,149
34,19,0,78,144
35,19,0,75,140
36,19,20,102,152
37,19,0,71,135
38,19,0,71,135
39,19,0,72,136
40,19,0,74,139
41,19,0,77,143
42,19,0,81,148
43,19,0,85,153
44,19,20,119,174
45,19,0,92,163
46,19,0,95,167
47,19,0,97,170
48,19,0,98,170
49,19,0,97,170
50,19,0,96,168
51,19,0,93,164
52,19,20,120,175
53,19,0,86,154
54,19,0,82,149
55,19,0,78,144
56,19,0,75,140
57,19,0,72,136
58,19,0,71,135
59,19,0,71,135
60,19,20,102,151
61,19,0,74,139
62,19,0,77,143
63,19,0,81,148
0,20,0,81,147
1,20,0,85,153
2,20,0,88,158
3,20,220,60,60
4,20,20,124,181
5,20,220,60,60
6,20,0,96,168
7,20,200,50,50
8,20,0,93,164
9,20,200,50,50
10,20,0,86,155
11,20,0,82,150
12,20,20,108,159
13,20,0,75,140
14,20,0,72,136
15,20,220,60,60
16,20,0,69,132
17,20,220,60,60
18,20,255,100,0
19,20,255,100,0
20,20,255,100,0
21,20,255,255,255
22,20,255,100,0
23,20,255,255,255
24,20,255,100,0
25,20,255,100,0
26,20,0,96,168
27,20,0,96,168
28,20,20,125,182
29,20,0,93,164
30,20,0,90,160
31,20,0,86,155
32,20,0,82,149
33,20,0,78,144
34,20,0,75,139
35,20,0,72,136
36,20,20,100,148
37,20,0,69,132
38,20,0,69,133
39,20,0,71,135
40,20,0,74,138
41,20,0,77,143
42,20,0,81,148
43,20,0,85,153
44,20,20,119,174
45,20,0,92,163
46,20,0,94,166
47,20,0,96,168
48,20,0,96,168
49,20,0,95,166
50,20,0,93,164
51,20,0,90,159
52,20,20,116,169
53,20,0,82,149
54,20,0,78,144
55,20,0,74,139
56,20,0,72,135
57,20,0,70,133
58,20,0,69,132
59,20,0,70,133
60,20,20,101,150
61,20,0,74,139
62,20,0,77,143
63,20,0,81,148
0,21,0,81,148
1,21,0,85,153
2,21,0,88,158
3,21,0,91,162
4,21,0,93,164
5,21,20,124,180
6,21,0,94,165
7,21,0,92,163
8,21,0,90,160
9,21,0,86,155
10,21,0,82,150
11,21,0,78,145
12,21,0,75,139
13,21,20,101,150
14,21,0,69,132
15,21,0,67,130
16,21,0,67,130
17,21,0,68,131
18,21,255,100,0
19,21,255,100,0
20,21,255,100,0
21,21,255,255,255
22,21,255,100,0
23,21,255,255,255
24,21,255,100,0
25,21,255,100,0
26,21,255,100,0
27,21,255,100,0
28,21,0,92,163
29,21,20,119,174
30,21,0,86,155
31,21,0,82,150
32,21,0,78,144
33,21,0,74,139
34,21,0,71,135
35,21,0,69,132
36,21,0,67,130
37,21,20,97,145
38,21,0,68,131
39,21,0,70,134
40,21,0,73,138
41,21,0,77,143
42,21,0,81,148
43,21,0,85,154
44,21,0,89,158
45,21,20,122,177
46,21,0,93,165
47,21,0,94,165
48,21,0,94,165
49,21,0,92,163
50,21,0,89,159
51,21,0,86,155
52,21,0,82,149
53,21,20,108,159
54,21,0,74,139
55,21,0,71,135
56,21,0,69,131
57,21,0,67,130
58,21,0,67,130
59,21,0,68,131
60,21,0,71,134
61,21,20,104,153
62,21,0,77,143
63,21,0,81,149
0,22,0,81,148
1,22,0,85,153
2,22,0,88,157
3,22,0,91,161
4,22,0,92,163
5,22,0,92,163
6,22,20,121,177
7,22,0,89,159
8,22,0,86,155
9,22,0,83,150
10,22,0,79,145
11,22,0,75,139
12,22,0,71,135
13,22,0,68,131
14,22,20,96,143
15,22,0,65,127
16,22,0,66,128
17,22,0,67,130
18,22,0,0,0
19,22,255,100,0
20,22,255,100,0
21,22,255,255,255
22,22,255,100,0
23,22,255,255,255
24,22,255,100,0
25,22,255,100,0
26,22,255,100,0
27,22,255,100,0
28,22,255,100,0
29,22,0,86,155
30,22,20,112,165
31,22,0,78,144
32,22,0,74,139
33,22,0,71,134
34,22,0,68,131
35,22,0,66,128
36,22,0,65,127
37,22,0,66,128
38,22,20,97,145
39,22,0,70,133
40,22,0,73,138
41,22,0,77,143
42,22,0,81,148
43,22,0,85,154
44,22,0,88,158
45,22,0,91,161
46,22,20,122,178
47,22,0,92,163
48,22,0,91,161
49,22,0,89,159
50,22,0,86,154
51,22,0,82,149
52,22,0,78,144
53,22,0,74,139
54,22,20,101,149
55,22,0,68,130
56,22,0,66,128
57,22,0,65,127
58,22,0,66,128
59,22,0,67,130
60,22,0,70,134
61,22,0,74,138
62,22,20,108,158
63,22,0,82,149
0,23,0,81,148
1,23,0,85,153
2,23,0,88,157
3,23,0,89,159
4,23,0,90,160
5,23,220,60,60
6,23,20,118,173
7,23,0,86,155
8,23,0,83,150
9,23,200,50,50
10,23,0,75,140
11,23,0,71,134
12,23,0,68,130
13,23,0,65,127
14,23,20,94,140
15,23,220,60,60
16,23,0,64,126
17,23,0,67,129
18,23,255,100,0
19,23,255,100,0
20,23,255,100,0
21,23,255,255,255
22,23,255,100,0
23,23,255,255,255
24,23,255,100,0
25,23,255,100,0
26,23,255,100,0
27,23,255,100,0
28,23,0,86,154
29,23,0,82,150
30,23,20,108,160
31,23,0,74,139
32,23,0,71,134
33,23,0,67,130
34,23,0,65,127
35,23,0,64,125
36,23,0,63,125
37,23,0,65,126
38,23,20,97,144
39,23,0,70,133
40,23,0,73,138
41,23,0,77,143
42,23,0,81,149
43,23,0,85,153
44,23,0,88,157
45,23,0,90,160
46,23,20,120,175
47,23,0,90,160
48,23,0,88,158
49,23,0,86,154
50,23,0,82,150
51,23,0,78,144
52,23,0,74,139
53,23,0,70,134
54,23,20,97,145
55,23,0,65,126
56,23,0,64,125
57,23,0,63,125
58,23,0,65,126
59,23,0,67,129
60,23,0,70,133
61,23,0,74,138
62,23,20,108,159
63,23,0,82,149
0,24,0,81,148
1,24,0,84,152
2,24,0,87,156
3,24,0,88,158
4,24,0,88,158
5,24,0,87,157
6,24,0,85,154
7,24,20,112,165
8,24,0,79,145
9,24,0,75,140
10,24,0,71,134
11,24,0,67,130
12,24,0,64,126
13,24,0,62,123
14,24,0,62,122
15,24,20,92,138
16,24,0,63,125
17,24,0,66,128
18,24,255,100,0
19,24,255,100,0
20,24,255,100,0
21,24,255,255,255
22,24,255,100,0
23,24,255,255,255
24,24,255,100,0
25,24,255,100,0
26,24,255,100,0
27,24,0,85,154
28,24,0,82,150
29,24,0,79,145
30,24,0,75,139
31,24,20,101,149
32,24,0,67,129
33,24,0,64,126
34,24,0,62,123
35,24,0,62,122
36,24,0,62,123
37,24,0,64,125
38,24,0,66,128
39,24,20,100,148
40,24,0,74,138
41,24,0,78,143
42,24,0,81,149
43,24,0,85,153
44,24,0,87,156
45,24,0,88,158
46,24,0,88,158
47,24,20,117,171
48,24,0,85,154
49,24,0,82,149
50,24,0,78,144
51,24,0,74,139
52,24,0,70,134
53,24,0,67,129
54,24,0,64,125
55,24,20,92,138
56,24,0,62,122
57,24,0,62,123
58,24,0,64,125
59,24,0,66,129
60,24,0,70,133
61,24,0,74,138
62,24,0,78,144
63,24,20,112,164
0,25,0,81,148
1,25,0,84,152
2,25,0,86,154
3,25,0,87,155
4,25,0,86,155
5,25,0,85,153
6,25,220,60,60
7,25,0,79,145
8,25,0,75,140
9,25,0,71,135
10,25,200,50,50
11,25,0,64,125
12,25,0,61,122
13,25,0,60,120
14,25,220,60,60
15,25,0,61,121
16,25,0,63,124
17,25,0,66,128
18,25,200,50,50
19,25,0,73,138
20,25,0,77,143
21,25,255,255,255
22,25,0,84,152
23,25,255,255,255
24,25,0,87,155
25,25,255,100,0
26,25,0,85,153
27,25,0,82,149
28,25,0,79,145
29,25,0,75,140
30,25,0,71,134
31,25,0,67,129
32,25,0,64,125
33,25,0,61,122
34,25,0,60,120
35,25,0,60,120
36,25,0,61,121
37,25,0,63,124
38,25,0,66,128
39,25,0,70,133
40,25,0,74,138
41,25,0,78,144
42,25,0,81,148
43,25,0,84,152
44,25,0,86,155
45,25,0,87,155
46,25,0,86,155
47,25,0,84,153
48,25,0,82,149
49,25,0,78,145
50,25,0,74,139
51,25,0,70,134
52,25,0,67,129
53,25,0,63,125
54,25,0,61,121
55,25,0,60,120
56,25,0,60,120
57,25,0,61,121
58,25,0,63,124
59,25,0,66,128
60,25,0,70,133
61,25,0,74,139
62,25,0,78,144
63,25,0,81,149
0,26,0,81,147
1,26,0,83,151
2,26,0,84,153
3,26,0,85,153
4,26,0,84,152
5,26,0,82,149
6,26,0,79,145
7,26,0,75,140
8,26,0,71,135
9,26,0,67,129
10,26,0,63,125
11,26,0,61,121
12,26,0,59,118
13,26,0,58,117
14,26,0,58,118
15,26,0,60,120
16,26,0,62,123
17,26,0,66,128
18,26,0,70,133
19,26,0,74,138
20,26,0,77,143
21,26,0,81,148
22,26,0,83,151
23,26,0,84,153
24,26,255,180,80
25,26,0,84,152
26,26,255,180,80
27,26,0,78,145
28,26,0,75,140
29,26,0,71,134
30,26,0,67,129
31,26,0,63,124
32,26,0,60,121
33,26,0,59,118
34,26,0,58,117
35,26,0,58,118
36,26,0,60,120
37,26,0,62,123
38,26,0,66,128
39,26,0,70,133
40,26,0,74,138
41,26,0,78,144
42,26,0,81,148
43,26,0,83,151
44,26,0,85,153
45,26,0,85,153
46,26,0,84,151
47,26,0,81,149
48,26,0,78,144
49,26,0,75,139
50,26,0,71,134
51,26,0,67,129
52,26,0,63,124
53,26,0,60,120
54,26,0,58,118
55,26,0,58,117
56,26,0,58,118
57,26,0,60,120
58,26,0,63,124
59,26,0,66,128
60,26,0,70,133
61,26,0,74,139
62,26,0,78,144
63,26,0,81,148
0,27,0,80,147
1,27,0,82,149
2,27,0,83,150
3,27,0,82,150
4,27,0,81,148
5,27,0,78,145
6,27,0,75,140
7,27,220,60,60
8,27,0,67,130
9,27,0,63,124
10,27,0,60,120
11,27,200,50,50
12,27,0,56,115
13,27,220,60,60
14,27,0,57,116
15,27,0,59,119
16,27,0,62,123
17,27,200,50,50
18,27,0,70,133
19,27,0,74,138
20,27,0,77,143
21,27,0,80,147
22,27,0,82,149
23,27,255,180,80
24,27,255,180,80
25,27,255,180,80
26,27,255,180,80
27,27,255,180,80
28,27,0,71,135
29,27,0,67,129
30,27,0,63,124
31,27,0,60,120
32,27,0,57,117
33,27,0,56,115
34,27,0,56,115
35,27,0,57,116
36,27,0,59,119
37,27,0,62,123
38,27,0,66,128
39,27,0,70,133
40,27,0,74,139
41,27,0,77,143
42,27,0,80,147
43,27,0,82,150
44,27,0,83,150
45,27,0,82,150
46,27,0,81,148
47,27,0,78,144
48,27,0,75,140
49,27,0,71,134
50,27,0,67,129
51,27,0,63,124
52,27,0,60,120
53,27,0,57,116
54,27,0,56,115
55,27,0,56,115
56,27,0,57,116
57,27,0,59,119
58,27,0,62,123
59,27,0,66,128
60,27,0,70,134
61,27,0,74,139
62,27,0,78,144
63,27,0,80,147
0,28,0,79,146
1,28,0,81,148
2,28,0,81,148
3,28,0,80,147
4,28,0,78,144
5,28,0,75,140
6,28,0,71,135
7,28,0,67,130
8,28,0,63,124
9,28,0,60,120
10,28,0,57,116
11,28,0,55,113
12,28,0,54,112
13,28,0,54,113
14,28,0,56,115
15,28,0,59,118
16,28,0,62,123
17,28,0,66,128
18,28,0,70,133
19,28,0,74,138
20,28,0,77,143
21,28,0,79,146
22,28,255,180,80
23,28,255,180,80
24,28,255,180,80
25,28,255,180,80
26,28,255,180,80
27,28,255,180,80
28,28,255,180,80
29,28,0,63,124
30,28,0,60,119
31,28,0,57,116
32,28,0,55,113
33,28,0,54,112
34,28,0,54,113
35,28,0,56,115
36,28,0,59,118
37,28,0,62,123
38,28,0,66,128
39,28,0,70,133
40,28,0,74,139
41,28,0,77,143
42,28,0,79,146
43,28,0,81,148
44,28,0,81,148
45,28,0,80,146
46,28,0,78,144
47,28,0,75,139
48,28,0,71,134
49,28,0,67,129
50,28,0,63,124
51,28,0,59,119
52,28,0,57,115
53,28,0,55,113
54,28,0,54,112
55,28,0,55,113
56,28,0,56,115
57,28,0,59,119
58,28,0,62,123
59,28,0,66,128
60,28,0,70,134
61,28,0,74,139
62,28,0,77,143
63,28,0,80,146
0,29,0,78,144
1,29,0,79,145
2,29,0,79,145
3,29,0,77,143
4,29,0,75,140
5,29,0,71,135
6,29,0,67,130
7,29,0,63,125
8,29,220,60,60
9,29,0,56,115
10,29,0,54,112
11,29,0,52,110
12,29,200,50,50
13,29,0,53,111
14,29,0,55,114
15,29,0,58,118
16,29,200,50,50
17,29,0,66,128
18,29,0,70,133
19,29,0,74,138
20,29,0,76,142
21,29,0,78,144
22,29,0,79,145
23,29,255,180,80
24,29,255,180,80
25,29,255,180,80
26,29,255,180,80
27,29,255,180,80
28,29,0,63,124
29,29,0,59,119
30,29,0,56,115
31,29,0,54,112
32,29,0,52,110
33,29,0,52,110
34,29,0,53,111
35,29,0,55,114
36,29,0,58,118
37,29,0,62,123
38,29,0,66,128
39,29,0,70,134
40,29,0,74,138
41,29,0,77,142
42,29,0,78,145
43,29,0,79,145
44,29,0,79,145
45,29,0,77,143
46,29,0,74,139
47,29,0,71,135
48,29,0,67,129
49,29,0,63,124
50,29,0,59,119
51,29,0,56,115
52,29,0,54,111
53,29,0,52,110
54,29,0,52,110
55,29,0,53,111
56,29,0,56,114
57,29,0,59,118
58,29,0,62,123
59,29,0,66,129
60,29,0,70,134
61,29,0,74,139
62,29,0,77,142
63,29,0,78,145
0,30,0,77,143
1,30,0,77,143
2,30,0,76,142
3,30,0,74,139
4,30,0,71,135
5,30,0,68,130
6,30,0,64,125
7,30,0,60,119
8,30,0,56,115
9,30,0,53,111
10,30,0,51,108
11,30,0,50,107
12,30,0,51,108
13,30,0,52,110
14,30,0,55,113
15,30,0,58,118
16,30,0,62,123
17,30,0,66,128
18,30,0,70,133
19,30,0,73,138
20,30,0,76,141
21,30,0,77,143
22,30,0,77,143
23,30,0,76,142
24,30,255,180,80
25,30,0,71,135
26,30,255,180,80
27,30,0,63,124
28,30,0,59,119
29,30,0,56,114
30,30,0,53,111
31,30,0,51,108
32,30,0,50,107
33,30,0,51,108
34,30,0,52,110
35,30,0,55,113
36,30,0,58,118
37,30,0,62,123
38,30,0,66,128
39,30,0,70,134
40,30,0,73,138
41,30,0,76,141
42,30,0,77,143
43,30,0,77,143
44,30,0,76,141
45,30,0,74,139
46,30,0,71,134
47,30,0,67,129
48,30,0,63,124
49,30,0,59,119
50,30,0,56,114
51,30,0,53,110
52,30,0,51,108
53,30,0,50,107
54,30,0,51,108
55,30,0,52,110
56,30,0,55,114
57,30,0,59,118
58,30,0,63,123
59,30,0,67,129
60,30,0,70,134
61,30,0,74,138
62,30,0,76,141
63,30,0,77,143
0,31,0,75,140
1,31,0,75,140
2,31,0,73,138
3,31,0,71,135
4,31,0,68,130
5,31,0,64,125
6,31,0,60,120
7,31,0,56,114
8,31,0,53,110
9,31,220,60,60
10,31,0,49,105
11,31,220,60,60
12,31,0,49,106
13,31,200,50,50
14,31,0,55,113
15,31,200,50,50
16,31,0,62,123
17,31,0,66,128
18,31,0,70,133
19,31,0,73,137
20,31,0,75,139
21,31,0,75,140
22,31,0,75,140
23,31,0,73,138
24,31,255,135,35
25,31,0,67,130
26,31,255,135,35
27,31,0,59,119
28,31,0,56,114
29,31,0,52,110
30,31,0,50,107
31,31,0,49,105
32,31,0,48,105
33,31,0,50,106
34,31,0,52,109
35,31,0,55,113
36,31,0,58,118
37,31,0,62,123
38,31,0,66,129
39,31,0,70,133
40,31,0,73,137
41,31,0,75,140
42,31,0,75,140
43,31,0,75,140
44,31,0,73,138
45,31,0,71,134
46,31,0,67,130
47,31,0,63,124
48,31,0,59,119
49,31,0,55,114
50,31,0,52,110
51,31,0,50,106
52,31,0,49,105
53,31,0,48,105
54,31,0,50,106
55,31,0,52,109
56,31,0,55,113
57,31,0,59,118
58,31,0,63,124
59,31,0,67,129
60,31,0,70,134
61,31,0,73,137
62,31,0,75,140
63,31,0,75,140
0,32,0,73,138
1,32,0,72,137
2,32,0,70,134
3,32,0,67,130
4,32,0,64,125
5,32,0,60,120
6,32,0,56,114
7,32,0,52,110
8,32,0,49,106
9,32,0,47,103
10,32,0,47,102
11,32,0,47,103
12,32,0,48,105
13,32,0,51,108
14,32,0,54,113
15,32,0,58,118
16,32,0,62,123
17,32,0,66,128
18,32,0,69,133
19,32,0,72,136
20,32,0,73,138
21,32,0,73,138
22,32,255,180,80
23,32,0,70,134
24,32,255,130,30
25,32,0,64,125
26,32,255,130,30
27,32,0,56,114
28,32,0,52,109
29,32,0,49,106
30,32,0,47,103
31,32,0,47,102
32,32,0,47,103
33,32,0,49,105
34,32,0,150,220
35,32,0,150,220
36,32,0,150,220
37,32,0,150,220
38,32,0,150,220
39,32,0,150,220
40,32,0,150,220
41,32,0,150,220
42,32,0,150,220
43,32,0,150,220
44,32,0,70,134
45,32,0,67,129
46,32,0,63,124
47,32,0,59,119
48,32,220,80,180
49,32,220,80,180
50,32,0,49,105
51,32,0,47,103
52,32,220,80,180
53,32,0,47,103
54,32,0,49,105
55,32,220,80,180
56,32,220,80,180
57,32,0,59,118
58,32,0,63,124
59,32,0,67,129
60,32,0,70,133
61,32,0,72,136
62,32,0,73,138
63,32,0,73,138
0,33,0,71,135
1,33,0,70,133
2,33,0,67,130
3,33,0,64,125
4,33,0,60,120
5,33,0,56,115
6,33,0,52,109
7,33,0,49,105
8,33,0,46,102
9,33,0,45,100
10,33,220,60,60
11,33,0,46,101
12,33,0,48,104
13,33,0,51,108
14,33,200,50,50
15,33,0,58,118
16,33,0,62,123
17,33,0,66,128
18,33,0,69,132
19,33,0,71,134
20,33,0,72,135
21,33,255,180,80
22,33,255,180,80
23,33,255,180,80
24,33,255,125,25
25,33,0,60,120
26,33,255,125,25
27,33,0,52,109
28,33,0,49,105
29,33,0,46,102
30,33,0,45,100
31,33,0,45,100
32,33,0,46,101
33,33,0,48,104
34,33,0,51,108
35,33,0,120,200
36,33,0,59,118
37,33,0,120,200
38,33,0,66,128
39,33,0,120,200
40,33,0,71,135
41,33,0,120,200
42,33,0,71,135
43,33,0,69,133
44,33,220,80,180
45,33,220,80,180
46,33,0,59,119
47,33,0,55,114
48,33,220,80,180
49,33,220,80,180
50,33,220,80,180
51,33,220,80,180
52,33,220,80,180
53,33,0,46,101
54,33,220,80,180
55,33,220,80,180
56,33,0,55,113
57,33,0,59,119
58,33,0,63,124
59,33,0,66,129
60,33,0,69,132
61,33,0,71,135
62,33,0,72,135
63,33,0,71,135
0,34,0,69,132
1,34,0,67,129
2,34,0,64,125
3,34,0,60,120
4,34,0,56,115
5,34,0,52,109
6,34,0,48,105
7,34,0,46,101
8,34,0,44,98
9,34,0,43,97
10,34,220,60,60
11,34,0,45,100
12,34,0,47,103
13,34,0,51,108
14,34,200,50,50
15,34,0,59,118
16,34,0,62,123
17,34,0,66,128
18,34,0,68,131
19,34,0,69,133
20,34,255,180,80
21,34,255,180,80
22,34,255,180,80
23,34,255,180,80
24,34,255,120,20
25,34,0,56,114
26,34,255,120,20
27,34,0,48,104
28,34,0,45,101
29,34,0,44,98
30,34,0,43,97
31,34,0,43,98
32,34,0,45,100
33,34,0,47,103
34,34,0,51,108
35,34,0,120,200
36,34,0,59,118
37,34,0,120,200
38,34,0,66,128
39,34,0,120,200
40,34,0,70,133
41,34,0,120,200
42,34,0,69,131
43,34,0,66,129
44,34,0,63,124
45,34,220,80,180
46,34,220,80,180
47,34,0,52,109
48,34,220,80,180
49,34,0,45,100
50,34,220,80,180
51,34,220,80,180
52,34,255,150,200
53,34,220,80,180
54,34,220,80,180
55,34,0,51,108
56,34,0,55,113
57,34,0,59,119
58,34,0,63,124
59,34,0,66,128
60,34,0,68,131
61,34,0,70,133
62,34,0,70,133
63,34,0,68,131
0,35,0,66,128
1,35,0,63,125
2,35,0,60,120
3,35,0,56,115
4,35,0,52,110
5,35,0,48,104
6,35,0,45,100
7,35,0,43,97
8,35,0,41,95
9,35,0,41,95
10,35,220,60,60
11,35,0,44,99
12,35,0,47,103
13,35,0,51,108
14,35,200,50,50
15,35,0,59,118
16,35,0,62,123
17,35,0,65,127
18,35,0,67,129
19,35,0,68,130
20,35,0,67,130
21,35,255,180,80
22,35,255,180,80
23,35,255,180,80
24,35,255,115,15
25,35,0,52,109
26,35,255,115,15
27,35,0,45,100
28,35,0,42,97
29,35,0,41,95
30,35,0,41,95
31,35,0,42,96
32,35,0,44,99
33,35,0,47,103
34,35,0,51,108
35,35,0,120,200
36,35,0,59,119
37,35,0,120,200
38,35,0,65,127
39,35,0,120,200
40,35,0,68,130
41,35,0,120,200
42,35,0,66,128
43,35,0,63,124
44,35,0,60,120
45,35,0,56,114
46,35,220,80,180
47,35,220,80,180
48,35,255,150,200
49,35,220,80,180
50,35,220,80,180
51,35,255,150,200
52,35,255,150,200
53,35,255,150,200
54,35,0,47,103
55,35,0,51,108
56,35,0,55,114
57,35,0,59,119
58,35,0,63,124
59,35,0,65,127
60,35,0,67,130
61,35,0,68,130
62,35,0,67,130
63,35,0,66,127
0,36,0,63,124
1,36,0,60,120
2,36,0,56,115
3,36,0,52,110
4,36,0,48,104
5,36,0,45,100
6,36,0,42,96
7,36,0,40,93
8,36,0,39,92
9,36,0,39,93
10,36,220,60,60
11,36,0,44,98
12,36,0,47,103
13,36,0,51,108
14,36,200,50,50
15,36,0,59,118
16,36,0,62,123
17,36,0,64,126
18,36,0,66,128
19,36,0,66,128
20,36,0,65,127
21,36,0,63,124
22,36,255,180,80
23,36,0,56,115
24,36,255,110,10
25,36,0,48,104
26,36,255,110,10
27,36,0,42,96
28,36,0,40,93
29,36,0,39,92
30,36,0,39,93
31,36,0,41,95
32,36,0,44,98
33,36,0,47,103
34,36,0,51,108
35,36,0,120,200
36,36,0,59,119
37,36,0,120,200
38,36,0,64,126
39,36,0,120,200
40,36,0,66,128
41,36,0,120,200
42,36,0,63,124
43,36,0,60,119
44,36,0,56,114
45,36,0,52,109
46,36,0,48,104
47,36,255,150,200
48,36,255,150,200
49,36,255,150,200
50,36,255,150,200
51,36,255,150,200
52,36,255,150,200
53,36,255,150,200
54,36,255,150,200
55,36,0,51,108
56,36,0,55,114
57,36,0,59,119
58,36,0,62,123
59,36,0,65,126
60,36,0,66,128
61,36,0,66,128
62,36,0,65,126
63,36,0,62,123
0,37,0,60,120
1,37,0,56,115
2,37,0,52,110
3,37,0,48,105
4,37,0,45,99
5,37,0,41,95
6,37,0,39,92
7,37,0,37,90
8,37,0,37,90
9,37,0,38,91
10,37,220,60,60
11,37,0,43,98
12,37,0,47,103
13,37,0,51,108
14,37,200,50,50
15,37,0,59,118
16,37,0,61,122
17,37,0,63,124
18,37,0,64,125
19,37,0,64,125
20,37,0,62,123
21,37,0,59,119
22,37,255,113,13
23,37,0,52,110
24,37,255,105,5
25,37,0,44,99
26,37,255,105,5
27,37,0,39,92
28,37,0,37,90
29,37,0,37,90
30,37,0,38,91
31,37,61,56,50
32,37,64,58,52
33,37,67,60,54
34,37,68,61,54
35,37,0,120,200
36,37,64,58,52
37,37,0,120,200
38,37,0,63,125
39,37,0,120,200
40,37,0,64,125
41,37,0,120,200
42,37,0,59,119
43,37,0,56,115
44,37,0,52,109
45,37,0,48,104
46,37,255,150,200
47,37,255,150,200
48,37,255,150,200
49,37,255,150,200
50,37,255,150,200
51,37,255,150,200
52,37,255,150,200
53,37,255,150,200
54,37,0,47,103
55,37,0,51,109
56,37,0,55,114
57,37,0,59,119
58,37,0,62,122
59,37,0,63,125
60,37,0,64,125
61,37,0,64,125
62,37,0,62,122
63,37,0,59,119
0,38,199,179,119
1,38,195,175,117
2,38,194,174,116
3,38,195,175,116
4,38,199,179,119
5,38,203,183,122
6,38,63,58,52
7,38,68,61,54
8,38,70,63,55
9,38,68,61,54
10,38,220,60,60
11,38,194,174,116
12,38,195,175,117
13,38,199,179,119
14,38,200,50,50
15,38,206,186,124
16,38,206,186,124
17,38,203,183,122
18,38,199,179,119
19,38,195,175,117
20,38,194,174,116
21,38,195,175,117
22,38,199,179,119
23,38,203,183,122
24,38,206,186,124
25,38,206,186,124
26,38,203,183,122
27,38,199,179,119
28,38,195,175,116
29,38,194,174,116
30,38,196,176,117
31,38,64,58,52
32,38,69,62,55
33,38,74,65,57
34,38,76,67,58
35,38,74,65,57
36,38,69,62,55
37,38,64,58,52
38,38,194,174,116
39,38,196,176,117
40,38,199,179,119
41,38,203,183,122
42,38,206,186,124
43,38,206,186,124
44,38,203,183,122
45,38,199,179,119
46,38,195,175,116
47,38,255,150,200
48,38,255,150,200
49,38,255,150,200
50,38,203,183,123
51,38,206,186,124
52,38,255,150,200
53,38,203,183,122
54,38,199,179,119
55,38,195,175,116
56,38,63,58,52
57,38,68,61,54
58,38,70,63,55
59,38,68,61,54
60,38,63,58,52
61,38,205,185,124
62,38,203,183,122
63,38,198,178,119
0,39,192,172,114
1,39,190,170,112
2,39,190,170,113
3,39,193,173,115
4,39,197,177,118
5,39,201,181,120
6,39,67,60,53
7,39,73,65,57
8,39,80,70,60
9,39,73,65,57
10,39,67,60,53
11,39,190,170,113
12,39,193,173,115
13,39,197,177,118
14,39,201,181,121
15,39,201,181,121
16,39,199,179,120
17,39,196,176,117
18,39,192,172,114
19,39,190,170,112
20,39,190,170,113
21,39,193,173,115
22,39,198,178,118
23,39,201,181,121
24,39,201,181,121
25,39,199,179,120
26,39,196,176,117
27,39,192,172,114
28,39,190,170,112
29,39,190,170,113
30,39,194,174,115
31,39,64,58,52
32,39,69,62,55
33,39,74,65,57
34,39,76,67,58
35,39,74,65,57
36,39,69,62,55
37,39,64,58,52
38,39,190,170,113
39,39,194,174,115
40,39,198,178,118
41,39,201,181,121
42,39,201,181,121
43,39,199,179,119
44,39,195,175,117
45,39,192,172,114
46,39,190,170,112
47,39,190,170,113
48,39,255,150,200
49,39,198,178,118
50,39,201,181,121
51,39,201,181,121
52,39,199,179,119
53,39,195,175,116
54,39,191,171,114
55,39,190,170,112
56,39,67,60,53
57,39,73,65,57
58,39,80,70,60
59,39,73,65,57
60,39,67,60,53
61,39,199,179,119
62,39,195,175,116
63,39,191,171,114
0,40,186,166,109
1,40,185,165,109
2,40,188,168,111
3,40,192,172,114
4,40,195,175,117
5,40,197,177,118
6,40,63,58,52
7,40,68,61,54
8,40,70,63,55
9,40,68,61,54
10,40,63,58,52
11,40,188,168,111
12,40,192,172,114
13,40,196,176,117
14,40,197,177,118
15,40,196,176,117
16,40,192,172,114
17,40,188,168,111
18,40,186,166,109
19,40,185,165,109
20,40,188,168,111
21,40,192,172,114
22,40,196,176,117
23,40,197,177,118
24,40,196,176,117
25,40,192,172,114
26,40,188,168,111
27,40,186,166,109
28,40,185,165,109
29,40,188,168,111
30,40,192,172,114
31,40,61,56,50
32,40,64,58,52
33,40,67,60,54
34,40,68,61,54
35,40,67,60,54
36,40,64,58,52
37,40,61,56,50
38,40,188,168,111
39,40,192,172,114
40,40,196,176,117
41,40,197,177,118
42,40,196,176,117
43,40,192,172,114
44,40,188,168,111
45,40,185,165,109
46,40,186,166,109
47,40,188,168,111
48,40,192,172,114
49,40,196,176,117
50,40,197,177,118
51,40,196,176,117
52,40,192,172,114
53,40,188,168,111
54,40,185,165,109
55,40,186,166,109
56,40,63,58,52
57,40,68,61,54
58,40,70,63,55
59,40,68,61,54
60,40,63,58,52
61,40,192,172,114
62,40,188,168,111
63,40,185,165,109
0,41,181,161,106
1,41,182,162,107
2,41,186,166,110
3,41,190,170,113
4,41,192,172,114
5,41,192,172,114
6,41,189,169,112
7,41,185,165,109
8,41,182,162,106
9,41,181,161,106
10,41,182,162,107
11,41,186,166,110
12,41,190,170,113
13,41,192,172,114
14,41,192,172,114
15,41,189,169,112
16,41,185,165,109
17,41,182,162,106
18,41,181,161,106
19,41,183,163,107
20,41,186,166,110
21,41,190,170,113
22,41,193,173,114
23,41,192,172,114
24,41,189,169,112
25,41,185,165,109
26,41,182,162,106
27,41,181,161,106
28,41,183,163,107
29,41,186,166,110
30,41,190,170,113
31,41,193,173,114
32,41,192,172,114
33,41,189,169,112
34,41,185,165,109
35,41,182,162,106
36,41,181,161,106
37,41,183,163,107
38,41,187,167,110
39,41,190,170,113
40,41,193,173,114
41,41,192,172,114
42,41,189,169,112
43,41,185,165,109
44,41,182,162,106
45,41,181,161,106
46,41,183,163,107
47,41,187,167,110
48,41,190,170,113
49,41,193,173,114
50,41,192,172,114
51,41,189,169,112
52,41,185,165,108
53,41,181,161,106
54,41,181,161,106
55,41,183,163,107
56,41,187,167,110
57,41,191,171,113
58,41,193,173,114
59,41,192,172,114
60,41,189,169,111
61,41,185,165,108
62,41,181,161,106
63,41,181,161,106
0,42,177,157,103
1,42,180,160,105
2,42,185,165,108
3,42,188,168,111
4,42,188,168,111
5,42,186,166,109
6,42,182,162,106
7,42,178,158,104
8,42,176,156,102
9,42,177,157,103
10,42,181,161,105
11,42,185,165,109
12,42,188,168,111
13,42,188,168,111
14,42,186,166,109
15,42,182,162,106
16,42,178,158,103
17,42,176,156,102
18,42,177,157,103
19,42,181,161,106
20,42,185,165,109
21,42,188,168,111
22,42,188,168,111
23,42,186,166,109
24,42,182,162,106
25,42,178,158,103
26,42,176,156,102
27,42,177,157,103
28,42,181,161,106
29,42,185,165,109
30,42,188,168,111
31,42,188,168,111
32,42,186,166,109
33,42,182,162,106
34,42,178,158,103
35,42,176,156,102
36,42,177,157,103
37,42,181,161,106
38,42,185,165,109
39,42,188,168,111
40,42,188,168,111
41,42,185,165,109
42,42,181,161,106
43,42,178,158,103
44,42,176,156,102
45,42,177,157,103
46,42,181,161,106
47,42,185,165,109
48,42,188,168,111
49,42,188,168,111
50,42,185,165,109
51,42,181,161,106
52,42,178,158,103
53,42,176,156,102
54,42,178,158,103
55,42,181,161,106
56,42,185,165,109
57,42,188,168,111
58,42,188,168,111
59,42,185,165,109
60,42,181,161,106
61,42,178,158,103
62,42,176,156,102
63,42,178,158,103
0,43,175,155,101
1,43,179,159,104
2,43,183,163,107
3,43,184,164,108
4,43,182,162,107
5,43,179,159,104
6,43,175,155,101
7,43,172,152,99
8,43,172,152,99
9,43,175,155,101
10,43,179,159,104
11,43,183,163,107
12,43,184,164,108
13,43,182,162,107
14,43,178,158,104
15,43,174,154,101
16,43,172,152,99
17,43,172,152,99
18,43,175,155,101
19,43,179,159,104
20,43,183,163,107
21,43,184,164,108
22,43,182,162,107
23,43,178,158,104
24,43,174,154,101
25,43,172,152,99
26,43,172,152,99
27,43,175,155,101
28,43,179,159,104
29,43,183,163,107
30,43,184,164,108
31,43,182,162,107
32,43,178,158,104
33,43,174,154,101
34,43,172,152,99
35,43,172,152,99
36,43,175,155,101
37,43,179,159,105
38,43,183,163,107
39,43,184,164,108
40,43,182,162,106
41,43,178,158,104
42,43,174,154,101
43,43,172,152,99
44,43,172,152,99
45,43,175,155,102
46,43,180,160,105
47,43,183,163,107
48,43,184,164,108
49,43,182,162,106
50,43,178,158,104
51,43,174,154,101
52,43,172,152,99
53,43,172,152,99
54,43,175,155,102
55,43,180,160,105
56,43,183,163,107
57,43,184,164,108
58,43,182,162,106
59,43,178,158,103
60,43,174,154,101
61,43,172,152,99
62,43,173,153,99
63,43,176,156,102
0,44,173,153,100
1,44,177,157,103
2,44,179,159,104
3,44,178,158,104
4,44,175,155,101
5,44,171,151,98
6,44,168,148,96
7,44,167,147,96
8,44,170,150,97
9,44,173,153,100
10,44,177,157,103
11,44,179,159,104
12,44,178,158,104
13,44,175,155,101
14,44,171,151,98
15,44,168,148,96
16,44,167,147,96
17,44,170,150,97
18,44,174,154,100
19,44,177,157,103
20,44,179,159,104
21,44,178,158,104
22,44,175,155,101
23,44,171,151,98
24,44,168,148,96
25,44,167,147,96
26,44,170,150,97
27,44,174,154,100
28,44,177,157,103
29,44,179,159,104
30,44,178,158,104
31,44,175,155,101
32,44,171,151,98
33,44,168,148,96
34,44,168,148,96
35,44,170,150,97
36,44,174,154,100
37,44,178,158,103
38,44,179,159,104
39,44,178,158,104
40,44,175,155,101
41,44,171,151,98
42,44,168,148,96
43,44,168,148,96
44,44,170,150,97
45,44,174,154,100
46,44,178,158,103
47,44,179,159,104
48,44,178,158,104
49,44,175,155,101
50,44,171,151,98
51,44,168,148,96
52,44,168,148,96
53,44,170,150,97
54,44,174,154,100
55,44,178,158,103
56,44,179,159,104
57,44,178,158,104
58,44,175,155,101
59,44,171,151,98
60,44,168,148,96
61,44,168,148,96
62,44,170,150,98
63,44,174,154,101
0,45,172,152,99
1,45,175,155,101
2,45,175,155,101
3,45,172,152,99
4,45,168,148,96
5,45,164,144,93
6,45,163,143,92
7,45,164,144,93
8,45,168,148,96
9,45,172,152,99
10,45,175,155,101
11,45,175,155,101
12,45,172,152,99
13,45,168,148,96
14,45,164,144,93
15,45,163,143,92
16,45,164,144,93
17,45,168,148,96
18,45,172,152,99
19,45,175,155,101
20,45,174,154,101
21,45,172,152,99
22,45,168,148,96
23,45,164,144,93
24,45,163,143,92
25,45,164,144,93
26,45,168,148,96
27,45,172,152,99
28,45,175,155,101
29,45,174,154,101
30,45,172,152,99
31,45,168,148,96
32,45,164,144,93
33,45,163,143,92
34,45,164,144,93
35,45,168,148,96
36,45,172,152,99
37,45,175,155,101
38,45,174,154,101
39,45,172,152,99
40,45,167,147,96
41,45,164,144,93
42,45,163,143,92
43,45,165,145,93
44,45,168,148,96
45,45,172,152,99
46,45,175,155,101
47,45,174,154,101
48,45,171,151,99
49,45,167,147,96
50,45,164,144,93
51,45,163,143,92
52,45,165,145,93
53,45,168,148,96
54,45,172,152,99
55,45,175,155,101
56,45,174,154,101
57,45,171,151,99
58,45,167,147,95
59,45,164,144,93
60,45,163,143,92
61,45,165,145,94
62,45,168,148,96
63,45,172,152,99
0,46,170,150,97
1,46,170,150,98
2,46,168,148,96
3,46,165,145,93
4,46,161,141,91
5,46,159,139,89
6,46,159,139,89
7,46,162,142,92
8,46,166,146,95
9,46,170,150,97
10,46,170,150,98
11,46,168,148,96
12,46,165,145,93
13,46,161,141,90
14,46,159,139,89
15,46,159,139,89
16,46,162,142,92
17,46,166,146,95
18,46,170,150,97
19,46,170,150,98
20,46,168,148,96
21,46,164,144,93
22,46,161,141,90
23,46,159,139,89
24,46,159,139,89
25,46,162,142,92
26,46,167,147,95
27,46,170,150,97
28,46,170,150,98
29,46,168,148,96
30,46,164,144,93
31,46,160,140,90
32,46,159,139,89
33,46,159,139,89
34,46,163,143,92
35,46,167,147,95
36,46,170,150,97
37,46,170,150,98
38,46,168,148,96
39,46,164,144,93
40,46,160,140,90
41,46,159,139,89
42,46,159,139,90
43,46,163,143,92
44,46,167,147,95
45,46,170,150,97
46,46,170,150,98
47,46,168,148,96
48,46,164,144,93
49,46,160,140,90
50,46,158,138,89
51,46,159,139,90
52,46,163,143,92
53,46,167,147,95
54,46,170,150,97
55,46,170,150,98
56,46,168,148,96
57,46,164,144,93
58,46,160,140,90
59,46,158,138,89
60,46,159,139,90
61,46,163,143,92
62,46,167,147,95
63,46,170,150,97
0,47,166,146,94
1,47,165,145,94
2,47,161,141,91
3,47,157,137,88
4,47,154,134,86
5,47,154,134,86
6,47,157,137,88
7,47,161,141,91
8,47,164,144,93
9,47,166,146,94
10,47,165,145,94
11,47,161,141,91
12,47,157,137,88
13,47,154,134,86
14,47,154,134,86
15,47,157,137,88
16,47,161,141,91
17,47,164,144,93
18,47,166,146,94
19,47,165,145,94
20,47,161,141,91
21,47,157,137,88
22,47,154,134,86
23,47,154,134,86
24,47,157,137,88
25,47,161,141,91
26,47,165,145,93
27,47,166,146,94
28,47,165,145,93
29,47,161,141,91
30,47,157,137,88
31,47,154,134,86
32,47,154,134,86
33,47,157,137,88
34,47,161,141,91
35,47,165,145,93
36,47,166,146,94
37,47,165,145,93
38,47,161,141,91
39,47,157,137,88
40,47,154,134,86
41,47,154,134,86
42,47,157,137,88
43,47,161,141,91
44,47,165,145,94
45,47,166,146,94
46,47,165,145,93
47,47,161,141,91
48,47,157,137,88
49,47,154,134,86
50,47,154,134,86
51,47,157,137,88
52,47,161,141,91
53,47,165,145,94
54,47,166,146,94
55,47,164,144,93
56,47,161,141,91
57,47,157,137,88
58,47,154,134,86
59,47,154,134,86
60,47,157,137,88
61,47,161,141,91
62,47,165,145,94
63,47,166,146,94