0,0,10,5,20
1,0,10,5,20
2,0,10,5,20
3,0,10,5,20
4,0,10,5,20
5,0,10,5,20
6,0,10,5,20
7,0,228,228,228
8,0,227,227,227
9,0,10,5,20
10,0,10,5,20
11,0,10,5,20
12,0,10,5,20
13,0,10,5,20
14,0,10,5,20
15,0,10,5,20
16,0,10,5,20
17,0,10,5,20
18,0,10,5,20
19,0,10,5,20
20,0,243,243,243
21,0,10,5,20
22,0,254,254,254
23,0,10,5,20
24,0,10,5,20
25,0,10,5,20
26,0,10,5,20
27,0,10,5,20
28,0,10,5,20
29,0,10,5,20
30,0,10,5,20
31,0,10,5,20
32,0,10,5,20
33,0,10,5,20
34,0,10,5,20
35,0,10,5,20
36,0,10,5,20
37,0,10,5,20
38,0,10,5,20
39,0,220,180,100
40,0,10,5,20
41,0,188,188,188
42,0,220,180,100
43,0,10,5,20
44,0,10,5,20
45,0,10,5,20
46,0,10,5,20
47,0,10,5,20
48,0,10,5,20
49,0,10,5,20
50,0,10,5,20
51,0,10,5,20
52,0,10,5,20
53,0,10,5,20
54,0,10,5,20
55,0,10,5,20
56,0,10,5,20
57,0,10,5,20
58,0,10,5,20
59,0,10,5,20
60,0,10,5,20
61,0,10,5,20
62,0,10,5,20
63,0,10,5,20
0,1,10,5,20
1,1,10,5,20
2,1,10,5,20
3,1,10,5,20
4,1,10,5,20
5,1,10,5,20
6,1,10,5,20
7,1,10,5,20
8,1,10,5,20
9,1,10,5,20
10,1,10,5,20
11,1,10,5,20
12,1,10,5,20
13,1,10,5,20
14,1,10,5,20
15,1,10,5,20
16,1,10,5,20
17,1,10,5,20
18,1,10,5,20
19,1,10,5,20
20,1,10,5,20
21,1,10,5,20
22,1,10,5,20
23,1,10,5,20
24,1,10,5,20
25,1,10,5,20
26,1,10,5,20
27,1,10,5,20
28,1,10,5,20
29,1,10,5,20
30,1,10,5,20
31,1,10,5,20
32,1,10,5,20
33,1,10,5,20
34,1,10,5,20
35,1,10,5,20
36,1,10,5,20
37,1,10,5,20
38,1,10,5,20
39,1,220,180,100
40,1,10,5,20
41,1,10,5,20
42,1,220,180,100
43,1,10,5,20
44,1,10,5,20
45,1,10,5,20
46,1,10,5,20
47,1,10,5,20
48,1,10,5,20
49,1,10,5,20
50,1,10,5,20
51,1,10,5,20
52,1,10,5,20
53,1,10,5,20
54,1,10,5,20
55,1,10,5,20
56,1,10,5,20
57,1,10,5,20
58,1,10,5,20
59,1,10,5,20
60,1,10,5,20
61,1,10,5,20
62,1,10,5,20
63,1,10,5,20
0,2,189,189,189
1,2,11,5,21
2,2,11,5,21
3,2,11,5,21
4,2,11,5,21
5,2,11,5,21
6,2,11,5,21
7,2,11,5,21
8,2,11,5,21
9,2,11,5,21
10,2,11,5,21
11,2,11,5,21
12,2,11,5,21
13,2,11,5,21
14,2,11,5,21
15,2,11,5,21
16,2,11,5,21
17,2,11,5,21
18,2,11,5,21
19,2,11,5,21
20,2,11,5,21
21,2,11,5,21
22,2,11,5,21
23,2,11,5,21
24,2,11,5,21
25,2,11,5,21
26,2,11,5,21
27,2,11,5,21
28,2,11,5,21
29,2,11,5,21
30,2,11,5,21
31,2,11,5,21
32,2,11,5,21
33,2,186,186,186
34,2,11,5,21
35,2,11,5,21
36,2,11,5,21
37,2,11,5,21
38,2,220,180,100
39,2,220,180,100
40,2,220,180,100
41,2,220,180,100
42,2,220,180,100
43,2,220,180,100
44,2,11,5,21
45,2,11,5,21
46,2,11,5,21
47,2,11,5,21
48,2,11,5,21
49,2,11,5,21
50,2,11,5,21
51,2,11,5,21
52,2,250,240,200
53,2,11,5,21
54,2,11,5,21
55,2,11,5,21
56,2,11,5,21
57,2,11,5,21
58,2,11,5,21
59,2,11,5,21
60,2,11,5,21
61,2,11,5,21
62,2,11,5,21
63,2,11,5,21
0,3,11,6,21
1,3,11,6,21
2,3,11,6,21
3,3,11,6,21
4,3,11,6,21
5,3,11,6,21
6,3,11,6,21
7,3,11,6,21
8,3,11,6,21
9,3,11,6,21
10,3,11,6,21
11,3,11,6,21
12,3,11,6,21
13,3,11,6,21
14,3,11,6,21
15,3,11,6,21
16,3,11,6,21
17,3,11,6,21
18,3,11,6,21
19,3,11,6,21
20,3,11,6,21
21,3,11,6,21
22,3,11,6,21
23,3,11,6,21
24,3,11,6,21
25,3,11,6,21
26,3,11,6,21
27,3,11,6,21
28,3,11,6,21
29,3,11,6,21
30,3,11,6,21
31,3,11,6,21
32,3,11,6,21
33,3,11,6,21
34,3,11,6,21
35,3,11,6,21
36,3,11,6,21
37,3,11,6,21
38,3,220,180,100
39,3,220,180,100
40,3,220,180,100
41,3,220,180,100
42,3,220,180,100
43,3,220,180,100
44,3,11,6,21
45,3,11,6,21
46,3,11,6,21
47,3,11,6,21
48,3,11,6,21
49,3,250,240,200
50,3,250,240,200
51,3,250,240,200
52,3,255,252,220
53,3,250,240,200
54,3,250,240,200
55,3,255,180,40
56,3,11,6,21
57,3,11,6,21
58,3,11,6,21
59,3,11,6,21
60,3,11,6,21
61,3,11,6,21
62,3,11,6,21
63,3,11,6,21
0,4,12,6,22
1,4,12,6,22
2,4,12,6,22
3,4,12,6,22
4,4,12,6,22
5,4,12,6,22
6,4,12,6,22
7,4,12,6,22
8,4,12,6,22
9,4,12,6,22
10,4,12,6,22
11,4,12,6,22
12,4,12,6,22
13,4,12,6,22
14,4,12,6,22
15,4,12,6,22
16,4,12,6,22
17,4,12,6,22
18,4,12,6,22
19,4,12,6,22
20,4,12,6,22
21,4,12,6,22
22,4,12,6,22
23,4,12,6,22
24,4,12,6,22
25,4,12,6,22
26,4,12,6,22
27,4,12,6,22
28,4,12,6,22
29,4,12,6,22
30,4,12,6,22
31,4,12,6,22
32,4,12,6,22
33,4,12,6,22
34,4,12,6,22
35,4,12,6,22
36,4,12,6,22
37,4,200,70,20
38,4,200,70,20
39,4,200,70,20
40,4,230,90,25
41,4,200,70,20
42,4,200,70,20
43,4,200,70,20
44,4,12,6,22
45,4,199,199,199
46,4,12,6,22
47,4,255,250,100
48,4,250,240,200
49,4,255,252,220
50,4,255,200,50
51,4,255,252,220
52,4,255,252,220
53,4,255,252,220
54,4,255,164,59
55,4,255,151,53
56,4,255,139,47
57,4,255,126,41
58,4,200,40,0
59,4,12,6,22
60,4,12,6,22
61,4,12,6,22
62,4,12,6,22
63,4,12,6,22
0,5,12,6,22
1,5,12,6,22
2,5,12,6,22
3,5,12,6,22
4,5,12,6,22
5,5,12,6,22
6,5,12,6,22
7,5,12,6,22
8,5,12,6,22
9,5,12,6,22
10,5,12,6,22
11,5,12,6,22
12,5,12,6,22
13,5,12,6,22
14,5,12,6,22
15,5,12,6,22
16,5,12,6,22
17,5,12,6,22
18,5,12,6,22
19,5,12,6,22
20,5,12,6,22
21,5,12,6,22
22,5,12,6,22
23,5,12,6,22
24,5,12,6,22
25,5,12,6,22
26,5,12,6,22
27,5,12,6,22
28,5,12,6,22
29,5,12,6,22
30,5,12,6,22
31,5,12,6,22
32,5,12,6,22
33,5,12,6,22
34,5,12,6,22
35,5,12,6,22
36,5,200,70,20
37,5,200,70,20
38,5,230,90,25
39,5,230,90,25
40,5,230,90,25
41,5,230,90,25
42,5,230,90,25
43,5,200,70,20
44,5,200,70,20
45,5,255,250,100
46,5,255,250,100
47,5,255,250,100
48,5,255,238,94
49,5,255,225,88
50,5,255,213,82
51,5,255,201,76
52,5,255,150,30
53,5,255,164,59
54,5,255,151,53
55,5,255,139,47
56,5,255,126,41
57,5,255,114,35
58,5,255,114,35
59,5,255,102,29
60,5,12,6,22
61,5,12,6,22
62,5,12,6,22
63,5,12,6,22
0,6,13,6,23
1,6,13,6,23
2,6,13,6,23
3,6,13,6,23
4,6,13,6,23
5,6,13,6,23
6,6,13,6,23
7,6,13,6,23
8,6,13,6,23
9,6,13,6,23
10,6,13,6,23
11,6,13,6,23
12,6,13,6,23
13,6,13,6,23
14,6,13,6,23
15,6,13,6,23
16,6,13,6,23
17,6,13,6,23
18,6,13,6,23
19,6,13,6,23
20,6,13,6,23
21,6,13,6,23
22,6,13,6,23
23,6,13,6,23
24,6,13,6,23
25,6,13,6,23
26,6,13,6,23
27,6,13,6,23
28,6,13,6,23
29,6,13,6,23
30,6,13,6,23
31,6,13,6,23
32,6,13,6,23
33,6,13,6,23
34,6,13,6,23
35,6,13,6,23
36,6,200,70,20
37,6,230,90,25
38,6,230,90,25
39,6,230,90,25
40,6,230,90,25
41,6,255,220,0
42,6,230,90,25
43,6,230,90,25
44,6,200,70,20
45,6,255,250,100
46,6,255,238,94
47,6,255,225,88
48,6,255,213,82
49,6,255,201,76
50,6,255,201,76
51,6,255,201,76
52,6,255,164,59
53,6,255,151,53
54,6,255,139,47
55,6,255,126,41
56,6,255,80,0
57,6,255,114,35
58,6,255,102,29
59,6,255,102,29
60,6,255,89,24
61,6,13,6,23
62,6,13,6,23
63,6,13,6,23
0,7,13,6,23
1,7,13,6,23
2,7,13,6,23
3,7,13,6,23
4,7,13,6,23
5,7,13,6,23
6,7,13,6,23
7,7,13,6,23
8,7,13,6,23
9,7,13,6,23
10,7,13,6,23
11,7,13,6,23
12,7,13,6,23
13,7,13,6,23
14,7,13,6,23
15,7,13,6,23
16,7,13,6,23
17,7,13,6,23
18,7,13,6,23
19,7,13,6,23
20,7,13,6,23
21,7,238,238,238
22,7,13,6,23
23,7,13,6,23
24,7,13,6,23
25,7,13,6,23
26,7,13,6,23
27,7,13,6,23
28,7,13,6,23
29,7,13,6,23
30,7,13,6,23
31,7,13,6,23
32,7,13,6,23
33,7,13,6,23
34,7,13,6,23
35,7,13,6,23
36,7,200,70,20
37,7,230,90,25
38,7,230,90,25
39,7,230,90,25
40,7,230,90,25
41,7,200,0,0
42,7,230,90,25
43,7,200,70,20
44,7,255,250,100
45,7,255,250,100
46,7,255,238,94
47,7,255,225,88
48,7,255,213,82
49,7,255,201,76
50,7,255,201,76
51,7,255,176,65
52,7,255,176,65
53,7,255,164,59
54,7,255,151,53
55,7,255,139,47
56,7,255,126,41
57,7,255,102,29
58,7,255,102,29
59,7,255,89,24
60,7,255,89,24
61,7,255,77,18
62,7,255,65,12
63,7,255,52,6
0,8,13,7,23
1,8,13,7,23
2,8,13,7,23
3,8,13,7,23
4,8,13,7,23
5,8,13,7,23
6,8,13,7,23
7,8,13,7,23
8,8,13,7,23
9,8,13,7,23
10,8,120,40,12
11,8,13,7,23
12,8,13,7,23
13,8,13,7,23
14,8,13,7,23
15,8,13,7,23
16,8,13,7,23
17,8,13,7,23
18,8,13,7,23
19,8,13,7,23
20,8,13,7,23
21,8,13,7,23
22,8,13,7,23
23,8,13,7,23
24,8,13,7,23
25,8,13,7,23
26,8,13,7,23
27,8,13,7,23
28,8,13,7,23
29,8,13,7,23
30,8,13,7,23
31,8,13,7,23
32,8,13,7,23
33,8,13,7,23
34,8,13,7,23
35,8,200,70,20
36,8,230,90,25
37,8,230,90,25
38,8,230,90,25
39,8,230,90,25
40,8,230,90,25
41,8,230,90,25
42,8,230,90,25
43,8,200,70,20
44,8,200,70,20
45,8,255,238,94
46,8,255,225,88
47,8,255,213,82
48,8,255,201,76
49,8,255,201,76
50,8,255,188,71
51,8,255,188,71
52,8,255,176,65
53,8,255,176,65
54,8,255,164,59
55,8,255,151,53
56,8,255,139,47
57,8,255,126,41
58,8,255,102,29
59,8,255,102,29
60,8,255,77,18
61,8,255,65,12
62,8,255,52,6
63,8,255,40,0
0,9,14,7,24
1,9,14,7,24
2,9,14,7,24
3,9,14,7,24
4,9,14,7,24
5,9,14,7,24
6,9,14,7,24
7,9,14,7,24
8,9,14,7,24
9,9,14,7,24
10,9,14,7,24
11,9,150,50,15
12,9,120,40,12
13,9,14,7,24
14,9,14,7,24
15,9,14,7,24
16,9,14,7,24
17,9,14,7,24
18,9,14,7,24
19,9,14,7,24
20,9,14,7,24
21,9,14,7,24
22,9,14,7,24
23,9,14,7,24
24,9,14,7,24
25,9,14,7,24
26,9,14,7,24
27,9,14,7,24
28,9,14,7,24
29,9,14,7,24
30,9,14,7,24
31,9,14,7,24
32,9,14,7,24
33,9,14,7,24
34,9,14,7,24
35,9,14,7,24
36,9,200,70,20
37,9,230,90,25
38,9,230,90,25
39,9,230,90,25
40,9,230,90,25
41,9,230,90,25
42,9,230,90,25
43,9,200,70,20
44,9,200,70,20
45,9,255,250,100
46,9,255,238,94
47,9,255,225,88
48,9,255,213,82
49,9,255,201,76
50,9,255,201,76
51,9,255,188,71
52,9,255,188,71
53,9,255,176,65
54,9,230,230,230
55,9,255,252,220
56,9,255,252,220
57,9,250,240,200
58,9,14,7,24
59,9,255,102,29
60,9,14,7,24
61,9,255,77,18
62,9,255,65,12
63,9,255,52,6
0,10,14,7,24
1,10,14,7,24
2,10,14,7,24
3,10,14,7,24
4,10,14,7,24
5,10,14,7,24
6,10,14,7,24
7,10,14,7,24
8,10,14,7,24
9,10,14,7,24
10,10,14,7,24
11,10,150,50,15
12,10,150,50,15
13,10,14,7,24
14,10,120,40,12
15,10,14,7,24
16,10,14,7,24
17,10,14,7,24
18,10,14,7,24
19,10,14,7,24
20,10,14,7,24
21,10,14,7,24
22,10,14,7,24
23,10,14,7,24
24,10,14,7,24
25,10,14,7,24
26,10,14,7,24
27,10,14,7,24
28,10,14,7,24
29,10,14,7,24
30,10,14,7,24
31,10,14,7,24
32,10,14,7,24
33,10,186,186,186
34,10,14,7,24
35,10,14,7,24
36,10,200,70,20
37,10,230,90,25
38,10,230,90,25
39,10,230,90,25
40,10,230,90,25
41,10,230,90,25
42,10,150,50,15
43,10,230,90,25
44,10,200,70,20
45,10,14,7,24
46,10,255,238,94
47,10,255,225,88
48,10,255,213,82
49,10,255,201,76
50,10,255,201,76
51,10,255,201,76
52,10,255,188,71
53,10,255,201,76
54,10,255,252,220
55,10,255,252,220
56,10,255,252,220
57,10,250,240,200
58,10,14,7,24
59,10,14,7,24
60,10,14,7,24
61,10,14,7,24
62,10,254,254,254
63,10,14,7,24
0,11,15,7,25
1,11,15,7,25
2,11,15,7,25
3,11,15,7,25
4,11,15,7,25
5,11,15,7,25
6,11,15,7,25
7,11,15,7,25
8,11,15,7,25
9,11,181,181,181
10,11,15,7,25
11,11,15,7,25
12,11,150,50,15
13,11,150,50,15
14,11,15,7,25
15,11,15,7,25
16,11,120,40,12
17,11,15,7,25
18,11,15,7,25
19,11,15,7,25
20,11,15,7,25
21,11,15,7,25
22,11,15,7,25
23,11,15,7,25
24,11,15,7,25
25,11,15,7,25
26,11,15,7,25
27,11,15,7,25
28,11,15,7,25
29,11,15,7,25
30,11,15,7,25
31,11,15,7,25
32,11,15,7,25
33,11,15,7,25
34,11,15,7,25
35,11,15,7,25
36,11,200,70,20
37,11,200,70,20
38,11,230,90,25
39,11,230,90,25
40,11,230,90,25
41,11,150,50,15
42,11,150,50,15
43,11,200,70,20
44,11,200,70,20
45,11,15,7,25
46,11,15,7,25
47,11,250,240,200
48,11,255,238,94
49,11,255,225,88
50,11,255,213,82
51,11,255,201,76
52,11,255,252,220
53,11,255,252,220
54,11,255,252,220
55,11,255,252,220
56,11,255,252,220
57,11,250,240,200
58,11,15,7,25
59,11,15,7,25
60,11,15,7,25
61,11,177,177,177
62,11,15,7,25
63,11,15,7,25
0,12,15,8,25
1,12,15,8,25
2,12,15,8,25
3,12,15,8,25
4,12,15,8,25
5,12,15,8,25
6,12,15,8,25
7,12,15,8,25
8,12,15,8,25
9,12,15,8,25
10,12,15,8,25
11,12,15,8,25
12,12,160,55,18
13,12,150,50,15
14,12,150,50,15
15,12,15,8,25
16,12,15,8,25
17,12,15,8,25
18,12,120,40,12
19,12,15,8,25
20,12,15,8,25
21,12,15,8,25
22,12,15,8,25
23,12,15,8,25
24,12,15,8,25
25,12,15,8,25
26,12,15,8,25
27,12,15,8,25
28,12,15,8,25
29,12,15,8,25
30,12,15,8,25
31,12,15,8,25
32,12,15,8,25
33,12,15,8,25
34,12,200,100,30
35,12,180,60,20
36,12,180,60,20
37,12,200,70,20
38,12,200,70,20
39,12,200,70,20
40,12,150,50,15
41,12,150,50,15
42,12,200,70,20
43,12,200,70,20
44,12,15,8,25
45,12,15,8,25
46,12,15,8,25
47,12,15,8,25
48,12,250,240,200
49,12,255,252,220
50,12,255,252,220
51,12,255,252,220
52,12,255,252,220
53,12,255,252,220
54,12,255,252,220
55,12,255,252,220
56,12,250,240,200
57,12,15,8,25
58,12,15,8,25
59,12,15,8,25
60,12,15,8,25
61,12,15,8,25
62,12,15,8,25
63,12,176,176,176
0,13,15,8,25
1,13,15,8,25
2,13,15,8,25
3,13,15,8,25
4,13,15,8,25
5,13,15,8,25
6,13,191,191,191
7,13,15,8,25
8,13,15,8,25
9,13,15,8,25
10,13,15,8,25
11,13,15,8,25
12,13,15,8,25
13,13,160,55,18
14,13,150,50,15
15,13,150,50,15
16,13,15,8,25
17,13,15,8,25
18,13,15,8,25
19,13,15,8,25
20,13,120,40,12
21,13,15,8,25
22,13,15,8,25
23,13,15,8,25
24,13,15,8,25
25,13,15,8,25
26,13,15,8,25
27,13,15,8,25
28,13,15,8,25
29,13,15,8,25
30,13,15,8,25
31,13,15,8,25
32,13,180,60,20
33,13,180,60,20
34,13,180,60,20
35,13,180,60,20
36,13,180,60,20
37,13,180,60,20
38,13,180,60,20
39,13,150,50,15
40,13,150,50,15
41,13,150,50,15
42,13,15,8,25
43,13,15,8,25
44,13,15,8,25
45,13,15,8,25
46,13,15,8,25
47,13,15,8,25
48,13,15,8,25
49,13,250,240,200
50,13,222,222,222
51,13,250,240,200
52,13,255,252,220
53,13,250,240,200
54,13,250,240,200
55,13,250,240,200
56,13,15,8,25
57,13,15,8,25
58,13,15,8,25
59,13,15,8,25
60,13,15,8,25
61,13,15,8,25
62,13,184,184,184
63,13,15,8,25
0,14,16,8,26
1,14,16,8,26
2,14,16,8,26
3,14,16,8,26
4,14,16,8,26
5,14,16,8,26
6,14,16,8,26
7,14,241,241,241
8,14,16,8,26
9,14,16,8,26
10,14,16,8,26
11,14,16,8,26
12,14,16,8,26
13,14,160,55,18
14,14,160,55,18
15,14,160,55,18
16,14,150,50,15
17,14,16,8,26
18,14,16,8,26
19,14,16,8,26
20,14,16,8,26
21,14,16,8,26
22,14,120,40,12
23,14,16,8,26
24,14,16,8,26
25,14,16,8,26
26,14,16,8,26
27,14,16,8,26
28,14,16,8,26
29,14,16,8,26
30,14,180,60,20
31,14,180,60,20
32,14,180,60,20
33,14,180,60,20
34,14,180,60,20
35,14,180,60,20
36,14,180,60,20
37,14,180,60,20
38,14,150,50,15
39,14,150,50,15
40,14,150,50,15
41,14,16,8,26
42,14,16,8,26
43,14,16,8,26
44,14,16,8,26
45,14,16,8,26
46,14,16,8,26
47,14,16,8,26
48,14,16,8,26
49,14,16,8,26
50,14,16,8,26
51,14,16,8,26
52,14,250,240,200
53,14,16,8,26
54,14,16,8,26
55,14,16,8,26
56,14,16,8,26
57,14,16,8,26
58,14,16,8,26
59,14,16,8,26
60,14,16,8,26
61,14,16,8,26
62,14,16,8,26
63,14,16,8,26
0,15,16,8,26
1,15,16,8,26
2,15,16,8,26
3,15,16,8,26
4,15,16,8,26
5,15,16,8,26
6,15,16,8,26
7,15,16,8,26
8,15,16,8,26
9,15,16,8,26
10,15,16,8,26
11,15,16,8,26
12,15,16,8,26
13,15,16,8,26
14,15,160,55,18
15,15,160,55,18
16,15,160,55,18
17,15,150,50,15
18,15,150,50,15
19,15,16,8,26
20,15,16,8,26
21,15,16,8,26
22,15,16,8,26
23,15,16,8,26
24,15,120,40,12
25,15,16,8,26
26,15,16,8,26
27,15,16,8,26
28,15,180,60,20
29,15,180,60,20
30,15,180,60,20
31,15,180,60,20
32,15,220,80,20
33,15,220,80,20
34,15,180,60,20
35,15,180,60,20
36,15,180,60,20
37,15,150,50,15
38,15,150,50,15
39,15,150,50,15
40,15,150,50,15
41,15,16,8,26
42,15,16,8,26
43,15,16,8,26
44,15,16,8,26
45,15,16,8,26
46,15,233,233,233
47,15,16,8,26
48,15,16,8,26
49,15,16,8,26
50,15,16,8,26
51,15,16,8,26
52,15,16,8,26
53,15,16,8,26
54,15,16,8,26
55,15,16,8,26
56,15,16,8,26
57,15,16,8,26
58,15,16,8,26
59,15,16,8,26
60,15,16,8,26
61,15,16,8,26
62,15,16,8,26
63,15,16,8,26
0,16,17,8,27
1,16,17,8,27
2,16,17,8,27
3,16,17,8,27
4,16,17,8,27
5,16,17,8,27
6,16,17,8,27
7,16,17,8,27
8,16,17,8,27
9,16,17,8,27
10,16,17,8,27
11,16,17,8,27
12,16,17,8,27
13,16,17,8,27
14,16,160,55,18
15,16,160,55,18
16,16,160,55,18
17,16,160,55,18
18,16,150,50,15
19,16,150,50,15
20,16,17,8,27
21,16,17,8,27
22,16,17,8,27
23,16,17,8,27
24,16,17,8,27
25,16,17,8,27
26,16,180,60,20
27,16,180,60,20
28,16,180,60,20
29,16,180,60,20
30,16,220,80,20
31,16,220,80,20
32,16,180,60,20
33,16,220,80,20
34,16,220,80,20
35,16,180,60,20
36,16,150,50,15
37,16,150,50,15
38,16,150,50,15
39,16,150,50,15
40,16,150,50,15
41,16,17,8,27
42,16,235,235,235
43,16,17,8,27
44,16,17,8,27
45,16,17,8,27
46,16,17,8,27
47,16,17,8,27
48,16,17,8,27
49,16,17,8,27
50,16,17,8,27
51,16,17,8,27
52,16,17,8,27
53,16,17,8,27
54,16,17,8,27
55,16,17,8,27
56,16,17,8,27
57,16,17,8,27
58,16,17,8,27
59,16,17,8,27
60,16,17,8,27
61,16,17,8,27
62,16,17,8,27
63,16,17,8,27
0,17,17,9,27
1,17,17,9,27
2,17,17,9,27
3,17,17,9,27
4,17,17,9,27
5,17,17,9,27
6,17,17,9,27
7,17,17,9,27
8,17,17,9,27
9,17,17,9,27
10,17,17,9,27
11,17,17,9,27
12,17,17,9,27
13,17,17,9,27
14,17,17,9,27
15,17,160,55,18
16,17,160,55,18
17,17,160,55,18
18,17,160,55,18
19,17,160,55,18
20,17,150,50,15
21,17,17,9,27
22,17,17,9,27
23,17,17,9,27
24,17,180,60,20
25,17,180,60,20
26,17,180,60,20
27,17,180,60,20
28,17,220,80,20
29,17,220,80,20
30,17,180,60,20
31,17,220,80,20
32,17,180,60,20
33,17,180,60,20
34,17,220,80,20
35,17,150,50,15
36,17,150,50,15
37,17,150,50,15
38,17,150,50,15
39,17,150,50,15
40,17,17,9,27
41,17,17,9,27
42,17,17,9,27
43,17,17,9,27
44,17,17,9,27
45,17,17,9,27
46,17,17,9,27
47,17,17,9,27
48,17,17,9,27
49,17,17,9,27
50,17,17,9,27
51,17,17,9,27
52,17,17,9,27
53,17,17,9,27
54,17,17,9,27
55,17,17,9,27
56,17,17,9,27
57,17,17,9,27
58,17,17,9,27
59,17,17,9,27
60,17,17,9,27
61,17,17,9,27
62,17,17,9,27
63,17,17,9,27
0,18,18,9,28
1,18,18,9,28
2,18,18,9,28
3,18,18,9,28
4,18,18,9,28
5,18,18,9,28
6,18,18,9,28
7,18,18,9,28
8,18,18,9,28
9,18,18,9,28
10,18,18,9,28
11,18,18,9,28
12,18,18,9,28
13,18,18,9,28
14,18,18,9,28
15,18,160,55,18
16,18,160,55,18
17,18,160,55,18
18,18,160,55,18
19,18,160,55,18
20,18,160,55,18
21,18,150,50,15
22,18,180,60,20
23,18,180,60,20
24,18,180,60,20
25,18,180,60,20
26,18,220,80,20
27,18,220,80,20
28,18,180,60,20
29,18,220,80,20
30,18,180,60,20
31,18,180,60,20
32,18,220,80,20
33,18,180,60,20
34,18,150,50,15
35,18,150,50,15
36,18,150,50,15
37,18,150,50,15
38,18,150,50,15
39,18,150,50,15
40,18,18,9,28
41,18,18,9,28
42,18,18,9,28
43,18,18,9,28
44,18,18,9,28
45,18,18,9,28
46,18,18,9,28
47,18,18,9,28
48,18,18,9,28
49,18,18,9,28
50,18,18,9,28
51,18,18,9,28
52,18,18,9,28
53,18,18,9,28
54,18,18,9,28
55,18,18,9,28
56,18,18,9,28
57,18,18,9,28
58,18,18,9,28
59,18,18,9,28
60,18,18,9,28
61,18,18,9,28
62,18,18,9,28
63,18,18,9,28
0,19,18,9,28
1,19,18,9,28
2,19,18,9,28
3,19,18,9,28
4,19,18,9,28
5,19,18,9,28
6,19,18,9,28
7,19,18,9,28
8,19,18,9,28
9,19,18,9,28
10,19,18,9,28
11,19,18,9,28
12,19,18,9,28
13,19,18,9,28
14,19,18,9,28
15,19,18,9,28
16,19,160,55,18
17,19,160,55,18
18,19,160,55,18
19,19,160,55,18
20,19,160,55,18
21,19,160,55,18
22,19,150,50,15
23,19,180,60,20
24,19,220,80,20
25,19,220,80,20
26,19,180,60,20
27,19,220,80,20
28,19,180,60,20
29,19,180,60,20
30,19,220,80,20
31,19,180,60,20
32,19,180,60,20
33,19,150,50,15
34,19,150,50,15
35,19,150,50,15
36,19,150,50,15
37,19,150,50,15
38,19,150,50,15
39,19,150,50,15
40,19,18,9,28
41,19,18,9,28
42,19,18,9,28
43,19,18,9,28
44,19,18,9,28
45,19,18,9,28
46,19,18,9,28
47,19,18,9,28
48,19,18,9,28
49,19,18,9,28
50,19,18,9,28
51,19,18,9,28
52,19,18,9,28
53,19,18,9,28
54,19,208,208,208
55,19,18,9,28
56,19,18,9,28
57,19,18,9,28
58,19,18,9,28
59,19,18,9,28
60,19,18,9,28
61,19,18,9,28
62,19,18,9,28
63,19,18,9,28
0,20,18,9,28
1,20,18,9,28
2,20,18,9,28
3,20,18,9,28
4,20,18,9,28
5,20,18,9,28
6,20,18,9,28
7,20,18,9,28
8,20,18,9,28
9,20,18,9,28
10,20,18,9,28
11,20,18,9,28
12,20,18,9,28
13,20,18,9,28
14,20,18,9,28
15,20,18,9,28
16,20,160,55,18
17,20,160,55,18
18,20,160,55,18
19,20,160,55,18
20,20,160,55,18
21,20,160,55,18
22,20,160,55,18
23,20,150,50,15
24,20,180,60,20
25,20,220,80,20
26,20,180,60,20
27,20,180,60,20
28,20,220,80,20
29,20,180,60,20
30,20,180,60,20
31,20,18,9,28
32,20,150,50,15
33,20,150,50,15
34,20,150,50,15
35,20,150,50,15
36,20,150,50,15
37,20,150,50,15
38,20,150,50,15
39,20,18,9,28
40,20,18,9,28
41,20,18,9,28
42,20,18,9,28
43,20,18,9,28
44,20,18,9,28
45,20,18,9,28
46,20,18,9,28
47,20,18,9,28
48,20,18,9,28
49,20,18,9,28
50,20,18,9,28
51,20,18,9,28
52,20,18,9,28
53,20,18,9,28
54,20,18,9,28
55,20,18,9,28
56,20,18,9,28
57,20,18,9,28
58,20,18,9,28
59,20,18,9,28
60,20,18,9,28
61,20,18,9,28
62,20,18,9,28
63,20,18,9,28
0,21,19,9,29
1,21,19,9,29
2,21,19,9,29
3,21,19,9,29
4,21,19,9,29
5,21,19,9,29
6,21,19,9,29
7,21,19,9,29
8,21,19,9,29
9,21,19,9,29
10,21,19,9,29
11,21,19,9,29
12,21,19,9,29
13,21,19,9,29
14,21,19,9,29
15,21,19,9,29
16,21,180,60,20
17,21,160,55,18
18,21,160,55,18
19,21,160,55,18
20,21,160,55,18
21,21,160,55,18
22,21,160,55,18
23,21,160,55,18
24,21,160,55,18
25,21,180,60,20
26,21,220,80,20
27,21,180,60,20
28,21,180,60,20
29,21,19,9,29
30,21,19,9,29
31,21,19,9,29
32,21,150,50,15
33,21,150,50,15
34,21,150,50,15
35,21,150,50,15
36,21,150,50,15
37,21,150,50,15
38,21,150,50,15
39,21,19,9,29
40,21,19,9,29
41,21,19,9,29
42,21,19,9,29
43,21,19,9,29
44,21,19,9,29
45,21,19,9,29
46,21,19,9,29
47,21,19,9,29
48,21,19,9,29
49,21,19,9,29
50,21,19,9,29
51,21,19,9,29
52,21,19,9,29
53,21,19,9,29
54,21,19,9,29
55,21,19,9,29
56,21,19,9,29
57,21,19,9,29
58,21,19,9,29
59,21,19,9,29
60,21,19,9,29
61,21,19,9,29
62,21,19,9,29
63,21,19,9,29
0,22,19,10,29
1,22,19,10,29
2,22,19,10,29
3,22,19,10,29
4,22,19,10,29
5,22,19,10,29
6,22,19,10,29
7,22,19,10,29
8,22,19,10,29
9,22,19,10,29
10,22,19,10,29
11,22,19,10,29
12,22,19,10,29
13,22,19,10,29
14,22,180,60,20
15,22,180,60,20
16,22,180,60,20
17,22,160,55,18
18,22,160,55,18
19,22,160,55,18
20,22,160,55,18
21,22,160,55,18
22,22,160,55,18
23,22,160,55,18
24,22,160,55,18
25,22,160,55,18
26,22,180,60,20
27,22,19,10,29
28,22,19,10,29
29,22,19,10,29
30,22,19,10,29
31,22,19,10,29
32,22,19,10,29
33,22,150,50,15
34,22,150,50,15
35,22,150,50,15
36,22,150,50,15
37,22,150,50,15
38,22,19,10,29
39,22,19,10,29
40,22,19,10,29
41,22,19,10,29
42,22,19,10,29
43,22,19,10,29
44,22,19,10,29
45,22,19,10,29
46,22,19,10,29
47,22,19,10,29
48,22,19,10,29
49,22,19,10,29
50,22,19,10,29
51,22,19,10,29
52,22,19,10,29
53,22,19,10,29
54,22,19,10,29
55,22,19,10,29
56,22,19,10,29
57,22,19,10,29
58,22,19,10,29
59,22,19,10,29
60,22,19,10,29
61,22,19,10,29
62,22,19,10,29
63,22,19,10,29
0,23,20,10,30
1,23,20,10,30
2,23,20,10,30
3,23,20,10,30
4,23,20,10,30
5,23,20,10,30
6,23,20,10,30
7,23,20,10,30
8,23,20,10,30
9,23,20,10,30
10,23,20,10,30
11,23,20,10,30
12,23,180,60,20
13,23,180,60,20
14,23,180,60,20
15,23,180,60,20
16,23,220,80,20
17,23,220,80,20
18,23,160,55,18
19,23,160,55,18
20,23,160,55,18
21,23,160,55,18
22,23,160,55,18
23,23,160,55,18
24,23,160,55,18
25,23,20,10,30
26,23,20,10,30
27,23,20,10,30
28,23,20,10,30
29,23,20,10,30
30,23,20,10,30
31,23,20,10,30
32,23,20,10,30
33,23,150,50,15
34,23,150,50,15
35,23,150,50,15
36,23,150,50,15
37,23,150,50,15
38,23,20,10,30
39,23,20,10,30
40,23,20,10,30
41,23,20,10,30
42,23,20,10,30
43,23,20,10,30
44,23,20,10,30
45,23,20,10,30
46,23,20,10,30
47,23,20,10,30
48,23,20,10,30
49,23,20,10,30
50,23,20,10,30
51,23,20,10,30
52,23,20,10,30
53,23,20,10,30
54,23,20,10,30
55,23,20,10,30
56,23,20,10,30
57,23,20,10,30
58,23,20,10,30
59,23,20,10,30
60,23,20,10,30
61,23,20,10,30
62,23,20,10,30
63,23,20,10,30
0,24,20,10,30
1,24,20,10,30
2,24,20,10,30
3,24,20,10,30
4,24,20,10,30
5,24,20,10,30
6,24,20,10,30
7,24,20,10,30
8,24,20,10,30
9,24,20,10,30
10,24,180,60,20
11,24,180,60,20
12,24,180,60,20
13,24,180,60,20
14,24,220,80,20
15,24,220,80,20
16,24,180,60,20
17,24,220,80,20
18,24,160,55,18
19,24,160,55,18
20,24,160,55,18
21,24,160,55,18
22,24,160,55,18
23,24,160,55,18
24,24,20,10,30
25,24,20,10,30
26,24,20,10,30
27,24,20,10,30
28,24,20,10,30
29,24,20,10,30
30,24,20,10,30
31,24,20,10,30
32,24,20,10,30
33,24,20,10,30
34,24,150,50,15
35,24,150,50,15
36,24,150,50,15
37,24,150,50,15
38,24,20,10,30
39,24,20,10,30
40,24,20,10,30
41,24,20,10,30
42,24,20,10,30
43,24,20,10,30
44,24,20,10,30
45,24,20,10,30
46,24,20,10,30
47,24,20,10,30
48,24,20,10,30
49,24,20,10,30
50,24,20,10,30
51,24,20,10,30
52,24,20,10,30
53,24,20,10,30
54,24,20,10,30
55,24,20,10,30
56,24,20,10,30
57,24,20,10,30
58,24,20,10,30
59,24,20,10,30
60,24,20,10,30
61,24,20,10,30
62,24,20,10,30
63,24,20,10,30
0,25,20,10,30
1,25,20,10,30
2,25,20,10,30
3,25,20,10,30
4,25,20,10,30
5,25,20,10,30
6,25,20,10,30
7,25,20,10,30
8,25,20,10,30
9,25,20,10,30
10,25,180,60,20
11,25,180,60,20
12,25,220,80,20
13,25,220,80,20
14,25,180,60,20
15,25,220,80,20
16,25,180,60,20
17,25,180,60,20
18,25,220,80,20
19,25,160,55,18
20,25,160,55,18
21,25,160,55,18
22,25,160,55,18
23,25,160,55,18
24,25,20,10,30
25,25,20,10,30
26,25,20,10,30
27,25,20,10,30
28,25,20,10,30
29,25,20,10,30
30,25,20,10,30
31,25,20,10,30
32,25,20,10,30
33,25,20,10,30
34,25,150,50,15
35,25,150,50,15
36,25,150,50,15
37,25,20,10,30
38,25,20,10,30
39,25,20,10,30
40,25,20,10,30
41,25,20,10,30
42,25,20,10,30
43,25,20,10,30
44,25,20,10,30
45,25,20,10,30
46,25,20,10,30
47,25,20,10,30
48,25,20,10,30
49,25,20,10,30
50,25,20,10,30
51,25,20,10,30
52,25,20,10,30
53,25,20,10,30
54,25,20,10,30
55,25,20,10,30
56,25,20,10,30
57,25,20,10,30
58,25,20,10,30
59,25,20,10,30
60,25,20,10,30
61,25,20,10,30
62,25,20,10,30
63,25,20,10,30
0,26,21,10,31
1,26,21,10,31
2,26,21,10,31
3,26,21,10,31
4,26,21,10,31
5,26,21,10,31
6,26,21,10,31
7,26,21,10,31
8,26,21,10,31
9,26,180,60,20
10,26,220,80,20
11,26,220,80,20
12,26,180,60,20
13,26,220,80,20
14,26,180,60,20
15,26,180,60,20
16,26,220,80,20
17,26,180,60,20
18,26,180,60,20
19,26,160,55,18
20,26,160,55,18
21,26,160,55,18
22,26,160,55,18
23,26,21,10,31
24,26,21,10,31
25,26,21,10,31
26,26,21,10,31
27,26,21,10,31
28,26,21,10,31
29,26,21,10,31
30,26,21,10,31
31,26,21,10,31
32,26,21,10,31
33,26,21,10,31
34,26,150,50,15
35,26,150,50,15
36,26,150,50,15
37,26,21,10,31
38,26,21,10,31
39,26,21,10,31
40,26,21,10,31
41,26,21,10,31
42,26,21,10,31
43,26,21,10,31
44,26,21,10,31
45,26,21,10,31
46,26,21,10,31
47,26,21,10,31
48,26,21,10,31
49,26,21,10,31
50,26,21,10,31
51,26,21,10,31
52,26,21,10,31
53,26,21,10,31
54,26,21,10,31
55,26,21,10,31
56,26,21,10,31
57,26,21,10,31
58,26,21,10,31
59,26,21,10,31
60,26,21,10,31
61,26,21,10,31
62,26,21,10,31
63,26,21,10,31
0,27,21,11,31
1,27,21,11,31
2,27,21,11,31
3,27,21,11,31
4,27,21,11,31
5,27,21,11,31
6,27,21,11,31
7,27,21,11,31
8,27,21,11,31
9,27,21,11,31
10,27,180,60,20
11,27,220,80,20
12,27,180,60,20
13,27,180,60,20
14,27,220,80,20
15,27,180,60,20
16,27,180,60,20
17,27,21,11,31
18,27,21,11,31
19,27,21,11,31
20,27,160,55,18
21,27,160,55,18
22,27,21,11,31
23,27,21,11,31
24,27,21,11,31
25,27,21,11,31
26,27,21,11,31
27,27,21,11,31
28,27,21,11,31
29,27,21,11,31
30,27,21,11,31
31,27,21,11,31
32,27,21,11,31
33,27,21,11,31
34,27,21,11,31
35,27,150,50,15
36,27,21,11,31
37,27,21,11,31
38,27,21,11,31
39,27,21,11,31
40,27,21,11,31
41,27,21,11,31
42,27,21,11,31
43,27,21,11,31
44,27,21,11,31
45,27,21,11,31
46,27,21,11,31
47,27,21,11,31
48,27,21,11,31
49,27,21,11,31
50,27,21,11,31
51,27,21,11,31
52,27,21,11,31
53,27,21,11,31
54,27,21,11,31
55,27,21,11,31
56,27,21,11,31
57,27,21,11,31
58,27,21,11,31
59,27,21,11,31
60,27,21,11,31
61,27,21,11,31
62,27,21,11,31
63,27,21,11,31
0,28,22,11,32
1,28,22,11,32
2,28,22,11,32
3,28,22,11,32
4,28,22,11,32
5,28,22,11,32
6,28,22,11,32
7,28,22,11,32
8,28,22,11,32
9,28,22,11,32
10,28,180,60,20
11,28,180,60,20
12,28,220,80,20
13,28,180,60,20
14,28,180,60,20
15,28,22,11,32
16,28,22,11,32
17,28,22,11,32
18,28,180,60,20
19,28,180,60,20
20,28,160,55,18
21,28,22,11,32
22,28,22,11,32
23,28,22,11,32
24,28,22,11,32
25,28,22,11,32
26,28,22,11,32
27,28,22,11,32
28,28,180,60,20
29,28,22,11,32
30,28,22,11,32
31,28,22,11,32
32,28,22,11,32
33,28,22,11,32
34,28,22,11,32
35,28,150,50,15
36,28,22,11,32
37,28,22,11,32
38,28,22,11,32
39,28,22,11,32
40,28,22,11,32
41,28,22,11,32
42,28,22,11,32
43,28,22,11,32
44,28,22,11,32
45,28,22,11,32
46,28,22,11,32
47,28,22,11,32
48,28,22,11,32
49,28,22,11,32
50,28,22,11,32
51,28,22,11,32
52,28,22,11,32
53,28,22,11,32
54,28,22,11,32
55,28,22,11,32
56,28,22,11,32
57,28,22,11,32
58,28,22,11,32
59,28,22,11,32
60,28,22,11,32
61,28,22,11,32
62,28,22,11,32
63,28,22,11,32
0,29,22,11,32
1,29,22,11,32
2,29,22,11,32
3,29,22,11,32
4,29,22,11,32
5,29,22,11,32
6,29,22,11,32
7,29,22,11,32
8,29,22,11,32
9,29,22,11,32
10,29,22,11,32
11,29,22,11,32
12,29,180,60,20
13,29,22,11,32
14,29,22,11,32
15,29,22,11,32
16,29,22,11,32
17,29,180,60,20
18,29,180,60,20
19,29,180,60,20
20,29,180,60,20
21,29,180,60,20
22,29,22,11,32
23,29,22,11,32
24,29,22,11,32
25,29,22,11,32
26,29,22,11,32
27,29,180,60,20
28,29,180,60,20
29,29,180,60,20
30,29,22,11,32
31,29,22,11,32
32,29,22,11,32
33,29,22,11,32
34,29,22,11,32
35,29,22,11,32
36,29,22,11,32
37,29,22,11,32
38,29,22,11,32
39,29,22,11,32
40,29,22,11,32
41,29,22,11,32
42,29,22,11,32
43,29,22,11,32
44,29,22,11,32
45,29,22,11,32
46,29,22,11,32
47,29,22,11,32
48,29,22,11,32
49,29,22,11,32
50,29,22,11,32
51,29,22,11,32
52,29,22,11,32
53,29,22,11,32
54,29,22,11,32
55,29,22,11,32
56,29,22,11,32
57,29,22,11,32
58,29,22,11,32
59,29,22,11,32
60,29,22,11,32
61,29,22,11,32
62,29,22,11,32
63,29,22,11,32
0,30,23,11,33
1,30,23,11,33
2,30,23,11,33
3,30,23,11,33
4,30,23,11,33
5,30,23,11,33
6,30,23,11,33
7,30,23,11,33
8,30,23,11,33
9,30,23,11,33
10,30,23,11,33
11,30,23,11,33
12,30,23,11,33
13,30,23,11,33
14,30,23,11,33
15,30,23,11,33
16,30,180,60,20
17,30,180,60,20
18,30,180,60,20
19,30,180,60,20
20,30,220,80,20
21,30,180,60,20
22,30,180,60,20
23,30,23,11,33
24,30,23,11,33
25,30,23,11,33
26,30,180,60,20
27,30,180,60,20
28,30,220,80,20
29,30,180,60,20
30,30,180,60,20
31,30,23,11,33
32,30,23,11,33
33,30,23,11,33
34,30,23,11,33
35,30,23,11,33
36,30,23,11,33
37,30,23,11,33
38,30,23,11,33
39,30,23,11,33
40,30,23,11,33
41,30,23,11,33
42,30,23,11,33
43,30,23,11,33
44,30,23,11,33
45,30,23,11,33
46,30,23,11,33
47,30,23,11,33
48,30,23,11,33
49,30,23,11,33
50,30,23,11,33
51,30,23,11,33
52,30,23,11,33
53,30,23,11,33
54,30,23,11,33
55,30,23,11,33
56,30,23,11,33
57,30,23,11,33
58,30,23,11,33
59,30,23,11,33
60,30,23,11,33
61,30,23,11,33
62,30,23,11,33
63,30,23,11,33
0,31,23,11,33
1,31,23,11,33
2,31,23,11,33
3,31,23,11,33
4,31,23,11,33
5,31,23,11,33
6,31,23,11,33
7,31,23,11,33
8,31,23,11,33
9,31,23,11,33
10,31,23,11,33
11,31,23,11,33
12,31,23,11,33
13,31,23,11,33
14,31,23,11,33
15,31,23,11,33
16,31,180,60,20
17,31,180,60,20
18,31,180,60,20
19,31,220,80,20
20,31,220,80,20
21,31,220,80,20
22,31,180,60,20
23,31,23,11,33
24,31,23,11,33
25,31,23,11,33
26,31,180,60,20
27,31,220,80,20
28,31,180,60,20
29,31,220,80,20
30,31,180,60,20
31,31,23,11,33
32,31,23,11,33
33,31,23,11,33
34,31,23,11,33
35,31,23,11,33
36,31,23,11,33
37,31,23,11,33
38,31,23,11,33
39,31,23,11,33
40,31,23,11,33
41,31,23,11,33
42,31,23,11,33
43,31,23,11,33
44,31,23,11,33
45,31,23,11,33
46,31,23,11,33
47,31,23,11,33
48,31,23,11,33
49,31,23,11,33
50,31,23,11,33
51,31,23,11,33
52,31,23,11,33
53,31,23,11,33
54,31,23,11,33
55,31,23,11,33
56,31,23,11,33
57,31,23,11,33
58,31,23,11,33
59,31,23,11,33
60,31,23,11,33
61,31,23,11,33
62,31,23,11,33
63,31,23,11,33
0,32,23,12,33
1,32,23,12,33
2,32,23,12,33
3,32,23,12,33
4,32,23,12,33
5,32,23,12,33
6,32,23,12,33
7,32,23,12,33
8,32,23,12,33
9,32,23,12,33
10,32,23,12,33
11,32,23,12,33
12,32,23,12,33
13,32,23,12,33
14,32,23,12,33
15,32,23,12,33
16,32,180,60,20
17,32,180,60,20
18,32,180,60,20
19,32,180,60,20
20,32,220,80,20
21,32,180,60,20
22,32,23,12,33
23,32,23,12,33
24,32,23,12,33
25,32,180,60,20
26,32,180,60,20
27,32,180,60,20
28,32,220,80,20
29,32,180,60,20
30,32,23,12,33
31,32,23,12,33
32,32,23,12,33
33,32,23,12,33
34,32,23,12,33
35,32,23,12,33
36,32,23,12,33
37,32,23,12,33
38,32,23,12,33
39,32,23,12,33
40,32,23,12,33
41,32,23,12,33
42,32,23,12,33
43,32,23,12,33
44,32,23,12,33
45,32,23,12,33
46,32,23,12,33
47,32,23,12,33
48,32,23,12,33
49,32,23,12,33
50,32,23,12,33
51,32,23,12,33
52,32,23,12,33
53,32,23,12,33
54,32,23,12,33
55,32,23,12,33
56,32,23,12,33
57,32,23,12,33
58,32,23,12,33
59,32,23,12,33
60,32,23,12,33
61,32,23,12,33
62,32,23,12,33
63,32,23,12,33
0,33,24,12,34
1,33,24,12,34
2,33,24,12,34
3,33,24,12,34
4,33,24,12,34
5,33,24,12,34
6,33,24,12,34
7,33,24,12,34
8,33,24,12,34
9,33,24,12,34
10,33,24,12,34
11,33,24,12,34
12,33,24,12,34
13,33,24,12,34
14,33,24,12,34
15,33,24,12,34
16,33,180,60,20
17,33,180,60,20
18,33,180,60,20
19,33,180,60,20
20,33,180,60,20
21,33,180,60,20
22,33,180,60,20
23,33,180,60,20
24,33,180,60,20
25,33,220,80,20
26,33,180,60,20
27,33,180,60,20
28,33,180,60,20
29,33,24,12,34
30,33,24,12,34
31,33,24,12,34
32,33,24,12,34
33,33,24,12,34
34,33,24,12,34
35,33,24,12,34
36,33,24,12,34
37,33,24,12,34
38,33,24,12,34
39,33,24,12,34
40,33,24,12,34
41,33,24,12,34
42,33,24,12,34
43,33,24,12,34
44,33,24,12,34
45,33,24,12,34
46,33,24,12,34
47,33,24,12,34
48,33,24,12,34
49,33,24,12,34
50,33,24,12,34
51,33,24,12,34
52,33,24,12,34
53,33,24,12,34
54,33,24,12,34
55,33,24,12,34
56,33,24,12,34
57,33,24,12,34
58,33,24,12,34
59,33,24,12,34
60,33,24,12,34
61,33,24,12,34
62,33,24,12,34
63,33,24,12,34
0,34,24,12,34
1,34,24,12,34
2,34,24,12,34
3,34,25,15,10
4,34,25,15,10
5,34,25,15,10
6,34,25,15,10
7,34,24,12,34
8,34,24,12,34
9,34,24,12,34
10,34,24,12,34
11,34,24,12,34
12,34,24,12,34
13,34,24,12,34
14,34,24,12,34
15,34,24,12,34
16,34,180,60,20
17,34,180,60,20
18,34,180,60,20
19,34,180,60,20
20,34,180,60,20
21,34,180,60,20
22,34,180,60,20
23,34,180,60,20
24,34,180,60,20
25,34,180,60,20
26,34,220,80,20
27,34,180,60,20
28,34,180,60,20
29,34,24,12,34
30,34,24,12,34
31,34,24,12,34
32,34,24,12,34
33,34,24,12,34
34,34,24,12,34
35,34,24,12,34
36,34,24,12,34
37,34,24,12,34
38,34,24,12,34
39,34,24,12,34
40,34,24,12,34
41,34,24,12,34
42,34,24,12,34
43,34,24,12,34
44,34,24,12,34
45,34,24,12,34
46,34,24,12,34
47,34,24,12,34
48,34,24,12,34
49,34,24,12,34
50,34,24,12,34
51,34,24,12,34
52,34,24,12,34
53,34,24,12,34
54,34,24,12,34
55,34,24,12,34
56,34,24,12,34
57,34,24,12,34
58,34,24,12,34
59,34,24,12,34
60,34,24,12,34
61,34,24,12,34
62,34,24,12,34
63,34,24,12,34
0,35,25,12,35
1,35,25,15,10
2,35,25,15,10
3,35,25,15,10
4,35,25,15,10
5,35,25,15,10
6,35,25,15,10
7,35,25,15,10
8,35,25,15,10
9,35,25,12,35
10,35,25,12,35
11,35,25,12,35
12,35,25,12,35
13,35,25,12,35
14,35,25,12,35
15,35,25,12,35
16,35,25,12,35
17,35,180,60,20
18,35,180,60,20
19,35,180,60,20
20,35,180,60,20
21,35,220,80,20
22,35,180,60,20
23,35,180,60,20
24,35,180,60,20
25,35,180,60,20
26,35,180,60,20
27,35,180,60,20
28,35,25,12,35
29,35,25,15,10
30,35,25,15,10
31,35,25,15,10
32,35,25,15,10
33,35,25,15,10
34,35,25,12,35
35,35,25,12,35
36,35,25,12,35
37,35,25,12,35
38,35,25,12,35
39,35,25,12,35
40,35,25,12,35
41,35,25,12,35
42,35,25,12,35
43,35,25,12,35
44,35,25,12,35
45,35,25,12,35
46,35,25,12,35
47,35,25,12,35
48,35,25,12,35
49,35,25,12,35
50,35,25,12,35
51,35,25,12,35
52,35,25,12,35
53,35,25,12,35
54,35,25,12,35
55,35,25,12,35
56,35,25,12,35
57,35,25,12,35
58,35,25,12,35
59,35,25,12,35
60,35,25,12,35
61,35,25,12,35
62,35,25,12,35
63,35,25,12,35
0,36,25,15,10
1,36,25,15,10
2,36,25,15,10
3,36,25,15,10
4,36,25,15,10
5,36,25,15,10
6,36,25,15,10
7,36,25,15,10
8,36,25,15,10
9,36,25,15,10
10,36,25,13,35
11,36,25,13,35
12,36,25,13,35
13,36,25,13,35
14,36,25,13,35
15,36,25,13,35
16,36,25,13,35
17,36,25,13,35
18,36,180,60,20
19,36,180,60,20
20,36,220,80,20
21,36,180,60,20
22,36,180,60,20
23,36,180,60,20
24,36,180,60,20
25,36,180,60,20
26,36,180,60,20
27,36,25,15,10
28,36,25,15,10
29,36,25,15,10
30,36,25,15,10
31,36,25,15,10
32,36,25,15,10
33,36,25,15,10
34,36,25,15,10
35,36,25,15,10
36,36,25,13,35
37,36,25,13,35
38,36,25,13,35
39,36,25,13,35
40,36,25,13,35
41,36,25,13,35
42,36,25,13,35
43,36,25,13,35
44,36,25,13,35
45,36,25,13,35
46,36,25,13,35
47,36,25,13,35
48,36,25,13,35
49,36,25,13,35
50,36,25,13,35
51,36,25,13,35
52,36,25,13,35
53,36,25,13,35
54,36,25,13,35
55,36,25,13,35
56,36,25,13,35
57,36,25,13,35
58,36,25,13,35
59,36,25,13,35
60,36,25,13,35
61,36,25,13,35
62,36,25,13,35
63,36,25,13,35
0,37,25,15,10
1,37,25,15,10
2,37,25,15,10
3,37,25,15,10
4,37,25,15,10
5,37,25,15,10
6,37,25,15,10
7,37,25,15,10
8,37,25,15,10
9,37,25,15,10
10,37,25,15,10
11,37,25,15,10
12,37,25,13,35
13,37,25,13,35
14,37,25,13,35
15,37,25,13,35
16,37,25,13,35
17,37,25,13,35
18,37,25,13,35
19,37,25,13,35
20,37,180,60,20
21,37,180,60,20
22,37,180,60,20
23,37,180,60,20
24,37,180,60,20
25,37,25,13,35
26,37,25,15,10
27,37,25,15,10
28,37,25,15,10
29,37,25,15,10
30,37,25,15,10
31,37,25,15,10
32,37,25,15,10
33,37,25,15,10
34,37,25,15,10
35,37,25,15,10
36,37,25,15,10
37,37,25,13,35
38,37,25,13,35
39,37,25,13,35
40,37,25,13,35
41,37,25,13,35
42,37,25,13,35
43,37,25,13,35
44,37,25,13,35
45,37,25,13,35
46,37,25,13,35
47,37,25,13,35
48,37,25,13,35
49,37,25,13,35
50,37,25,13,35
51,37,25,13,35
52,37,25,13,35
53,37,25,13,35
54,37,25,13,35
55,37,25,13,35
56,37,25,13,35
57,37,25,13,35
58,37,25,13,35
59,37,25,13,35
60,37,25,13,35
61,37,25,13,35
62,37,25,13,35
63,37,25,13,35
0,38,25,15,10
1,38,25,15,10
2,38,25,15,10
3,38,25,15,10
4,38,25,15,10
5,38,25,15,10
6,38,25,15,10
7,38,25,15,10
8,38,25,15,10
9,38,25,15,10
10,38,25,15,10
11,38,25,15,10
12,38,25,15,10
13,38,26,13,36
14,38,26,13,36
15,38,26,13,36
16,38,26,13,36
17,38,26,13,36
18,38,26,13,36
19,38,26,13,36
20,38,26,13,36
21,38,26,13,36
22,38,26,13,36
23,38,26,13,36
24,38,25,15,10
25,38,25,15,10
26,38,25,15,10
27,38,25,15,10
28,38,25,15,10
29,38,25,15,10
30,38,25,15,10
31,38,25,15,10
32,38,25,15,10
33,38,25,15,10
34,38,25,15,10
35,38,25,15,10
36,38,25,15,10
37,38,25,15,10
38,38,26,13,36
39,38,26,13,36
40,38,26,13,36
41,38,26,13,36
42,38,26,13,36
43,38,26,13,36
44,38,26,13,36
45,38,26,13,36
46,38,26,13,36
47,38,26,13,36
48,38,26,13,36
49,38,26,13,36
50,38,26,13,36
51,38,26,13,36
52,38,26,13,36
53,38,26,13,36
54,38,26,13,36
55,38,26,13,36
56,38,26,13,36
57,38,26,13,36
58,38,25,15,10
59,38,25,15,10
60,38,25,15,10
61,38,25,15,10
62,38,25,15,10
63,38,26,13,36
0,39,25,15,10
1,39,25,15,10
2,39,25,15,10
3,39,25,15,10
4,39,25,15,10
5,39,25,15,10
6,39,25,15,10
7,39,25,15,10
8,39,25,15,10
9,39,25,15,10
10,39,25,15,10
11,39,25,15,10
12,39,25,15,10
13,39,25,15,10
14,39,26,13,36
15,39,26,13,36
16,39,26,13,36
17,39,26,13,36
18,39,26,13,36
19,39,26,13,36
20,39,26,13,36
21,39,26,13,36
22,39,26,13,36
23,39,25,15,10
24,39,25,15,10
25,39,25,15,10
26,39,25,15,10
27,39,25,15,10
28,39,25,15,10
29,39,25,15,10
30,39,25,15,10
31,39,25,15,10
32,39,25,15,10
33,39,25,15,10
34,39,25,15,10
35,39,25,15,10
36,39,25,15,10
37,39,25,15,10
38,39,25,15,10
39,39,26,13,36
40,39,26,13,36
41,39,26,13,36
42,39,26,13,36
43,39,26,13,36
44,39,26,13,36
45,39,26,13,36
46,39,26,13,36
47,39,26,13,36
48,39,26,13,36
49,39,26,13,36
50,39,26,13,36
51,39,26,13,36
52,39,26,13,36
53,39,26,13,36
54,39,26,13,36
55,39,26,13,36
56,39,26,13,36
57,39,25,15,10
58,39,25,15,10
59,39,25,15,10
60,39,25,15,10
61,39,25,15,10
62,39,25,15,10
63,39,25,15,10
0,40,25,15,10
1,40,25,15,10
2,40,25,15,10
3,40,25,15,10
4,40,25,15,10
5,40,25,15,10
6,40,25,15,10
7,40,25,15,10
8,40,25,15,10
9,40,25,15,10
10,40,25,15,10
11,40,25,15,10
12,40,25,15,10
13,40,25,15,10
14,40,25,15,10
15,40,25,15,10
16,40,27,13,37
17,40,27,13,37
18,40,27,13,37
19,40,27,13,37
20,40,27,13,37
21,40,25,15,10
22,40,25,15,10
23,40,25,15,10
24,40,25,15,10
25,40,25,15,10
26,40,25,15,10
27,40,25,15,10
28,40,25,15,10
29,40,25,15,10
30,40,25,15,10
31,40,25,15,10
32,40,25,15,10
33,40,25,15,10
34,40,25,15,10
35,40,25,15,10
36,40,25,15,10
37,40,25,15,10
38,40,25,15,10
39,40,27,13,37
40,40,27,13,37
41,40,27,13,37
42,40,27,13,37
43,40,27,13,37
44,40,27,13,37
45,40,27,13,37
46,40,27,13,37
47,40,27,13,37
48,40,27,13,37
49,40,27,13,37
50,40,27,13,37
51,40,27,13,37
52,40,27,13,37
53,40,27,13,37
54,40,27,13,37
55,40,27,13,37
56,40,25,15,10
57,40,25,15,10
58,40,25,15,10
59,40,25,15,10
60,40,25,15,10
61,40,25,15,10
62,40,25,15,10
63,40,25,15,10
0,41,25,15,10
1,41,25,15,10
2,41,25,15,10
3,41,25,15,10
4,41,25,15,10
5,41,25,15,10
6,41,25,15,10
7,41,25,15,10
8,41,25,15,10
9,41,25,15,10
10,41,25,15,10
11,41,25,15,10
12,41,25,15,10
13,41,25,15,10
14,41,25,15,10
15,41,25,15,10
16,41,25,15,10
17,41,25,15,10
18,41,25,15,10
19,41,25,15,10
20,41,25,15,10
21,41,25,15,10
22,41,25,15,10
23,41,25,15,10
24,41,25,15,10
25,41,25,15,10
26,41,25,15,10
27,41,25,15,10
28,41,25,15,10
29,41,25,15,10
30,41,25,15,10
31,41,25,15,10
32,41,25,15,10
33,41,25,15,10
34,41,25,15,10
35,41,25,15,10
36,41,25,15,10
37,41,25,15,10
38,41,25,15,10
39,41,25,15,10
40,41,27,14,37
41,41,27,14,37
42,41,27,14,37
43,41,27,14,37
44,41,27,14,37
45,41,27,14,37
46,41,27,14,37
47,41,27,14,37
48,41,27,14,37
49,41,27,14,37
50,41,27,14,37
51,41,27,14,37
52,41,27,14,37
53,41,27,14,37
54,41,27,14,37
55,41,25,15,10
56,41,25,15,10
57,41,25,15,10
58,41,25,15,10
59,41,25,15,10
60,41,25,15,10
61,41,25,15,10
62,41,25,15,10
63,41,25,15,10
0,42,25,15,10
1,42,25,15,10
2,42,25,15,10
3,42,25,15,10
4,42,25,15,10
5,42,25,15,10
6,42,25,15,10
7,42,25,15,10
8,42,25,15,10
9,42,25,15,10
10,42,25,15,10
11,42,25,15,10
12,42,25,15,10
13,42,25,15,10
14,42,25,15,10
15,42,25,15,10
16,42,25,15,10
17,42,25,15,10
18,42,25,15,10
19,42,25,15,10
20,42,25,15,10
21,42,25,15,10
22,42,25,15,10
23,42,25,15,10
24,42,25,15,10
25,42,25,15,10
26,42,25,15,10
27,42,25,15,10
28,42,25,15,10
29,42,25,15,10
30,42,25,15,10
31,42,25,15,10
32,42,25,15,10
33,42,25,15,10
34,42,25,15,10
35,42,25,15,10
36,42,25,15,10
37,42,25,15,10
38,42,25,15,10
39,42,25,15,10
40,42,25,15,10
41,42,28,14,38
42,42,28,14,38
43,42,28,14,38
44,42,28,14,38
45,42,28,14,38
46,42,28,14,38
47,42,28,14,38
48,42,28,14,38
49,42,28,14,38
50,42,28,14,38
51,42,28,14,38
52,42,28,14,38
53,42,28,14,38
54,42,25,15,10
55,42,25,15,10
56,42,25,15,10
57,42,25,15,10
58,42,25,15,10
59,42,25,15,10
60,42,25,15,10
61,42,25,15,10
62,42,25,15,10
63,42,25,15,10
0,43,25,15,10
1,43,25,15,10
2,43,25,15,10
3,43,25,15,10
4,43,25,15,10
5,43,25,15,10
6,43,25,15,10
7,43,25,15,10
8,43,25,15,10
9,43,25,15,10
10,43,25,15,10
11,43,25,15,10
12,43,25,15,10
13,43,25,15,10
14,43,25,15,10
15,43,25,15,10
16,43,25,15,10
17,43,25,15,10
18,43,25,15,10
19,43,25,15,10
20,43,25,15,10
21,43,25,15,10
22,43,25,15,10
23,43,25,15,10
24,43,25,15,10
25,43,25,15,10
26,43,25,15,10
27,43,25,15,10
28,43,25,15,10
29,43,25,15,10
30,43,25,15,10
31,43,25,15,10
32,43,25,15,10
33,43,25,15,10
34,43,25,15,10
35,43,25,15,10
36,43,25,15,10
37,43,25,15,10
38,43,25,15,10
39,43,25,15,10
40,43,25,15,10
41,43,25,15,10
42,43,28,14,38
43,43,28,14,38
44,43,28,14,38
45,43,28,14,38
46,43,28,14,38
47,43,28,14,38
48,43,28,14,38
49,43,28,14,38
50,43,28,14,38
51,43,28,14,38
52,43,28,14,38
53,43,25,15,10
54,43,25,15,10
55,43,25,15,10
56,43,25,15,10
57,43,25,15,10
58,43,25,15,10
59,43,25,15,10
60,43,25,15,10
61,43,25,15,10
62,43,25,15,10
63,43,25,15,10
0,44,25,15,10
1,44,25,15,10
2,44,25,15,10
3,44,25,15,10
4,44,25,15,10
5,44,25,15,10
6,44,25,15,10
7,44,25,15,10
8,44,25,15,10
9,44,25,15,10
10,44,25,15,10
11,44,25,15,10
12,44,25,15,10
13,44,25,15,10
14,44,25,15,10
15,44,25,15,10
16,44,25,15,10
17,44,25,15,10
18,44,25,15,10
19,44,25,15,10
20,44,25,15,10
21,44,25,15,10
22,44,25,15,10
23,44,25,15,10
24,44,25,15,10
25,44,25,15,10
26,44,25,15,10
27,44,25,15,10
28,44,25,15,10
29,44,25,15,10
30,44,25,15,10
31,44,25,15,10
32,44,25,15,10
33,44,25,15,10
34,44,25,15,10
35,44,25,15,10
36,44,25,15,10
37,44,25,15,10
38,44,25,15,10
39,44,25,15,10
40,44,25,15,10
41,44,25,15,10
42,44,25,15,10
43,44,28,14,38
44,44,28,14,38
45,44,28,14,38
46,44,28,14,38
47,44,28,14,38
48,44,28,14,38
49,44,28,14,38
50,44,28,14,38
51,44,28,14,38
52,44,25,15,10
53,44,25,15,10
54,44,25,15,10
55,44,25,15,10
56,44,25,15,10
57,44,25,15,10
58,44,25,15,10
59,44,25,15,10
60,44,25,15,10
61,44,25,15,10
62,44,25,15,10
63,44,25,15,10
0,45,25,15,10
1,45,25,15,10
2,45,25,15,10
3,45,25,15,10
4,45,25,15,10
5,45,25,15,10
6,45,25,15,10
7,45,25,15,10
8,45,25,15,10
9,45,25,15,10
10,45,25,15,10
11,45,25,15,10
12,45,25,15,10
13,45,25,15,10
14,45,25,15,10
15,45,25,15,10
16,45,25,15,10
17,45,25,15,10
18,45,25,15,10
19,45,25,15,10
20,45,25,15,10
21,45,25,15,10
22,45,25,15,10
23,45,25,15,10
24,45,25,15,10
25,45,25,15,10
26,45,25,15,10
27,45,25,15,10
28,45,25,15,10
29,45,25,15,10
30,45,25,15,10
31,45,25,15,10
32,45,25,15,10
33,45,25,15,10
34,45,25,15,10
35,45,25,15,10
36,45,25,15,10
37,45,25,15,10
38,45,25,15,10
39,45,25,15,10
40,45,25,15,10
41,45,25,15,10
42,45,25,15,10
43,45,25,15,10
44,45,29,14,39
45,45,29,14,39
46,45,29,14,39
47,45,29,14,39
48,45,29,14,39
49,45,29,14,39
50,45,25,15,10
51,45,25,15,10
52,45,25,15,10
53,45,25,15,10
54,45,25,15,10
55,45,25,15,10
56,45,25,15,10
57,45,25,15,10
58,45,25,15,10
59,45,25,15,10
60,45,25,15,10
61,45,25,15,10
62,45,25,15,10
63,45,25,15,10
0,46,25,15,10
1,46,25,15,10
2,46,25,15,10
3,46,25,15,10
4,46,25,15,10
5,46,25,15,10
6,46,25,15,10
7,46,25,15,10
8,46,25,15,10
9,46,25,15,10
10,46,25,15,10
11,46,25,15,10
12,46,25,15,10
13,46,25,15,10
14,46,25,15,10
15,46,25,15,10
16,46,25,15,10
17,46,25,15,10
18,46,25,15,10
19,46,25,15,10
20,46,25,15,10
21,46,25,15,10
22,46,25,15,10
23,46,25,15,10
24,46,25,15,10
25,46,25,15,10
26,46,25,15,10
27,46,25,15,10
28,46,25,15,10
29,46,25,15,10
30,46,25,15,10
31,46,25,15,10
32,46,25,15,10
33,46,25,15,10
34,46,25,15,10
35,46,25,15,10
36,46,25,15,10
37,46,25,15,10
38,46,25,15,10
39,46,25,15,10
40,46,25,15,10
41,46,25,15,10
42,46,25,15,10
43,46,25,15,10
44,46,25,15,10
45,46,25,15,10
46,46,29,15,39
47,46,29,15,39
48,46,25,15,10
49,46,25,15,10
50,46,25,15,10
51,46,25,15,10
52,46,25,15,10
53,46,25,15,10
54,46,25,15,10
55,46,25,15,10
56,46,25,15,10
57,46,25,15,10
58,46,25,15,10
59,46,25,15,10
60,46,25,15,10
61,46,25,15,10
62,46,25,15,10
63,46,25,15,10
0,47,25,15,10
1,47,25,15,10
2,47,25,15,10
3,47,25,15,10
4,47,25,15,10
5,47,25,15,10
6,47,25,15,10
7,47,25,15,10
8,47,25,15,10
9,47,25,15,10
10,47,25,15,10
11,47,25,15,10
12,47,25,15,10
13,47,25,15,10
14,47,25,15,10
15,47,25,15,10
16,47,25,15,10
17,47,25,15,10
18,47,25,15,10
19,47,25,15,10
20,47,25,15,10
21,47,25,15,10
22,47,25,15,10
23,47,25,15,10
24,47,25,15,10
25,47,25,15,10
26,47,25,15,10
27,47,25,15,10
28,47,25,15,10
29,47,25,15,10
30,47,25,15,10
31,47,25,15,10
32,47,25,15,10
33,47,25,15,10
34,47,25,15,10
35,47,25,15,10
36,47,25,15,10
37,47,25,15,10
38,47,25,15,10
39,47,25,15,10
40,47,25,15,10
41,47,25,15,10
42,47,25,15,10
43,47,25,15,10
44,47,25,15,10
45,47,25,15,10
46,47,25,15,10
47,47,25,15,10
48,47,25,15,10
49,47,25,15,10
50,47,25,15,10
51,47,25,15,10
52,47,25,15,10
53,47,25,15,10
54,47,25,15,10
55,47,25,15,10
56,47,25,15,10
57,47,25,15,10
58,47,25,15,10
59,47,25,15,10
60,47,25,15,10
61,47,25,15,10
62,47,25,15,10
63,47,25,15,10