0,0,200,160,100
1,0,200,160,100
2,0,200,160,100
3,0,200,160,100
4,0,200,160,100
5,0,200,160,100
6,0,200,160,100
7,0,200,160,100
8,0,200,160,100
9,0,200,160,100
10,0,200,160,100
11,0,200,160,100
12,0,200,160,100
13,0,200,160,100
14,0,200,160,100
15,0,200,160,100
16,0,200,160,100
17,0,200,160,100
18,0,200,160,100
19,0,200,160,100
20,0,200,160,100
21,0,200,160,100
22,0,200,160,100
23,0,200,160,100
24,0,200,160,100
25,0,200,160,100
26,0,200,160,100
27,0,200,160,100
28,0,200,160,100
29,0,200,160,100
30,0,200,160,100
31,0,200,160,100
32,0,202,163,97
33,0,204,165,98
34,0,204,165,99
35,0,206,167,100
36,0,208,168,99
37,0,208,169,100
38,0,208,169,100
39,0,208,169,100
40,0,208,169,100
41,0,208,169,100
42,0,208,169,100
43,0,208,169,100
44,0,208,169,100
45,0,208,169,100
46,0,208,169,100
47,0,208,169,100
48,0,208,169,100
49,0,208,169,100
50,0,208,169,100
51,0,208,169,100
52,0,208,169,100
53,0,208,169,100
54,0,208,169,100
55,0,208,169,100
56,0,208,169,100
57,0,208,169,100
58,0,208,169,100
59,0,208,169,100
60,0,208,169,100
61,0,205,166,99
62,0,200,160,100
63,0,200,160,100
0,1,201,161,101
1,1,201,161,101
2,1,201,161,101
3,1,201,161,101
4,1,201,161,101
5,1,201,161,101
6,1,201,161,101
7,1,201,161,101
8,1,201,161,101
9,1,201,161,101
10,1,201,161,101
11,1,201,161,101
12,1,201,161,101
13,1,201,161,101
14,1,201,161,101
15,1,201,161,101
16,1,201,161,101
17,1,201,161,101
18,1,201,161,101
19,1,201,161,101
20,1,201,161,101
21,1,201,161,101
22,1,201,161,101
23,1,201,161,101
24,1,201,161,101
25,1,201,161,101
26,1,201,161,101
27,1,201,161,101
28,1,201,161,101
29,1,201,161,101
30,1,201,161,101
31,1,201,161,101
32,1,204,164,100
33,1,204,165,100
34,1,207,168,100
35,1,204,164,100
36,1,201,160,99
37,1,203,163,101
38,1,205,165,100
39,1,207,167,100
40,1,208,169,100
41,1,209,170,101
42,1,209,170,101
43,1,209,170,101
44,1,209,170,101
45,1,209,170,101
46,1,209,170,101
47,1,209,170,101
48,1,209,170,101
49,1,209,170,101
50,1,209,170,101
51,1,209,170,101
52,1,209,170,101
53,1,209,170,101
54,1,209,170,101
55,1,209,170,101
56,1,209,170,101
57,1,209,170,101
58,1,209,170,101
59,1,209,170,101
60,1,209,170,101
61,1,205,166,100
62,1,201,161,101
63,1,201,161,101
0,2,203,163,103
1,2,203,163,103
2,2,203,163,103
3,2,203,163,103
4,2,203,163,103
5,2,203,163,103
6,2,203,163,103
7,2,203,163,103
8,2,203,163,103
9,2,203,163,103
10,2,203,163,103
11,2,203,163,103
12,2,203,163,103
13,2,203,163,103
14,2,203,163,103
15,2,203,163,103
16,2,203,163,103
17,2,203,163,103
18,2,203,163,103
19,2,203,163,103
20,2,203,163,103
21,2,203,163,103
22,2,203,163,103
23,2,203,163,103
24,2,203,163,103
25,2,203,163,103
26,2,203,163,103
27,2,203,163,103
28,2,203,163,103
29,2,203,163,103
30,2,203,163,103
31,2,203,163,103
32,2,204,163,102
33,2,209,170,102
34,2,204,165,101
35,2,210,171,102
36,2,210,171,102
37,2,206,166,102
38,2,203,163,103
39,2,203,163,103
40,2,203,163,103
41,2,204,164,102
42,2,206,166,102
43,2,207,168,102
44,2,209,170,102
45,2,210,171,102
46,2,210,171,102
47,2,210,171,102
48,2,210,171,102
49,2,210,171,102
50,2,210,171,102
51,2,210,171,102
52,2,210,171,102
53,2,210,171,102
54,2,210,171,102
55,2,210,171,102
56,2,210,171,102
57,2,210,171,102
58,2,210,171,102
59,2,210,171,102
60,2,210,171,102
61,2,207,167,102
62,2,203,163,103
63,2,203,163,103
0,3,204,164,104
1,3,204,164,104
2,3,204,164,104
3,3,204,164,104
4,3,204,164,104
5,3,204,164,104
6,3,204,164,104
7,3,204,164,104
8,3,204,164,104
9,3,204,164,104
10,3,204,164,104
11,3,204,164,104
12,3,204,164,104
13,3,204,164,104
14,3,204,164,104
15,3,204,164,104
16,3,204,164,104
17,3,204,164,104
18,3,204,164,104
19,3,204,164,104
20,3,204,164,104
21,3,204,164,104
22,3,204,164,104
23,3,204,164,104
24,3,204,164,104
25,3,204,164,104
26,3,204,164,104
27,3,204,164,104
28,3,204,164,104
29,3,204,164,104
30,3,204,164,104
31,3,204,164,104
32,3,204,164,104
33,3,209,170,103
34,3,208,169,103
35,3,205,165,103
36,3,210,171,103
37,3,211,172,103
38,3,211,171,103
39,3,208,168,103
40,3,204,165,103
41,3,204,164,104
42,3,204,164,104
43,3,204,164,104
44,3,204,164,104
45,3,204,164,103
46,3,206,166,103
47,3,208,168,103
48,3,210,170,103
49,3,211,172,102
50,3,211,172,103
51,3,211,172,103
52,3,211,172,103
53,3,211,172,103
54,3,211,172,103
55,3,211,172,103
56,3,211,172,103
57,3,211,172,103
58,3,211,172,103
59,3,211,172,103
60,3,211,172,103
61,3,207,168,104
62,3,204,164,104
63,3,204,164,104
0,4,206,166,106
1,4,206,166,106
2,4,206,166,106
3,4,206,166,106
4,4,206,166,106
5,4,206,166,106
6,4,206,166,106
7,4,206,166,106
8,4,206,166,106
9,4,206,166,106
10,4,206,166,106
11,4,206,166,106
12,4,206,166,106
13,4,206,166,106
14,4,206,166,106
15,4,206,166,106
16,4,144,64,16
17,4,144,64,16
18,4,144,64,16
19,4,144,64,16
20,4,208,96,16
21,4,208,96,16
22,4,208,96,16
23,4,208,96,16
24,4,224,128,32
25,4,224,128,32
26,4,224,128,32
27,4,224,128,32
28,4,224,128,32
29,4,224,128,32
30,4,224,128,32
31,4,224,128,32
32,4,224,128,32
33,4,224,128,32
34,4,224,128,32
35,4,208,96,16
36,4,208,96,16
37,4,208,96,16
38,4,208,96,16
39,4,144,64,16
40,4,144,64,16
41,4,144,64,16
42,4,144,64,16
43,4,206,166,106
44,4,206,166,106
45,4,206,166,106
46,4,206,166,106
47,4,206,166,106
48,4,206,166,106
49,4,206,165,105
50,4,207,168,105
51,4,209,169,105
52,4,211,171,105
53,4,213,173,105
54,4,213,174,105
55,4,213,174,105
56,4,213,174,105
57,4,213,174,105
58,4,213,174,105
59,4,213,174,105
60,4,213,174,105
61,4,208,169,105
62,4,206,166,106
63,4,206,166,106
0,5,207,167,107
1,5,207,167,107
2,5,207,167,107
3,5,207,167,107
4,5,207,167,107
5,5,207,167,107
6,5,207,167,107
7,5,207,167,107
8,5,207,167,107
9,5,207,167,107
10,5,207,167,107
11,5,207,167,107
12,5,207,167,107
13,5,207,167,107
14,5,207,167,107
15,5,207,167,107
16,5,144,64,16
17,5,144,64,16
18,5,144,64,16
19,5,144,64,16
20,5,144,64,16
21,5,208,96,16
22,5,208,96,16
23,5,208,96,16
24,5,208,96,16
25,5,208,96,16
26,5,224,128,32
27,5,224,128,32
28,5,224,128,32
29,5,224,128,32
30,5,224,128,32
31,5,224,128,32
32,5,224,128,32
33,5,208,96,16
34,5,208,96,16
35,5,208,96,16
36,5,208,96,16
37,5,208,96,16
38,5,144,64,16
39,5,144,64,16
40,5,144,64,16
41,5,144,64,16
42,5,144,64,16
43,5,212,172,105
44,5,208,169,106
45,5,207,167,107
46,5,207,167,107
47,5,207,167,107
48,5,207,167,107
49,5,207,167,107
50,5,207,167,107
51,5,207,167,107
52,5,207,167,107
53,5,207,167,107
54,5,208,168,107
55,5,210,170,106
56,5,120,32,16
57,5,120,32,16
58,5,120,32,16
59,5,120,32,16
60,5,176,53,16
61,5,176,53,16
62,5,176,53,16
63,5,176,53,16
0,6,208,168,108
1,6,208,168,108
2,6,208,168,108
3,6,208,168,108
4,6,208,168,108
5,6,208,168,108
6,6,208,168,108
7,6,208,168,108
8,6,208,168,108
9,6,208,168,108
10,6,208,168,108
11,6,208,168,108
12,6,208,168,108
13,6,208,168,108
14,6,208,168,108
15,6,208,168,108
16,6,208,168,108
17,6,208,168,108
18,6,208,168,108
19,6,144,64,16
20,6,144,64,16
21,6,144,64,16
22,6,144,64,16
23,6,144,64,16
24,6,144,64,16
25,6,144,64,16
26,6,144,64,16
27,6,208,96,16
28,6,208,96,16
29,6,208,96,16
30,6,208,96,16
31,6,208,96,16
32,6,144,64,16
33,6,144,64,16
34,6,144,64,16
35,6,144,64,16
36,6,112,24,8
37,6,112,24,8
38,6,112,24,8
39,6,112,24,8
40,6,160,48,16
41,6,160,48,16
42,6,160,48,16
43,6,160,48,16
44,6,208,80,21
45,6,208,80,21
46,6,208,80,21
47,6,208,80,21
48,6,208,80,21
49,6,208,80,21
50,6,208,80,21
51,6,208,80,21
52,6,208,80,21
53,6,208,80,21
54,6,208,80,21
55,6,160,48,16
56,6,120,32,16
57,6,120,32,16
58,6,120,32,16
59,6,120,32,16
60,6,120,32,16
61,6,176,53,16
62,6,176,53,16
63,6,176,53,16
0,7,210,170,110
1,7,210,170,110
2,7,210,170,110
3,7,210,170,110
4,7,210,170,110
5,7,210,170,110
6,7,210,170,110
7,7,210,170,110
8,7,210,170,110
9,7,210,170,110
10,7,210,170,110
11,7,210,170,110
12,7,210,170,110
13,7,210,170,110
14,7,210,170,110
15,7,210,170,110
16,7,210,170,110
17,7,210,170,110
18,7,210,170,110
19,7,210,170,110
20,7,210,170,110
21,7,210,170,110
22,7,210,170,110
23,7,210,170,110
24,7,210,170,110
25,7,210,170,110
26,7,210,170,110
27,7,210,170,110
28,7,210,170,110
29,7,210,170,110
30,7,210,170,110
31,7,210,170,110
32,7,210,170,110
33,7,210,170,110
34,7,212,172,108
35,7,216,177,108
36,7,112,24,8
37,7,112,24,8
38,7,112,24,8
39,7,112,24,8
40,7,112,24,8
41,7,160,48,16
42,7,160,48,16
43,7,160,48,16
44,7,160,48,16
45,7,160,48,16
46,7,208,80,21
47,7,208,80,21
48,7,208,80,21
49,7,208,80,21
50,7,208,80,21
51,7,208,80,21
52,7,208,80,21
53,7,160,48,16
54,7,160,48,16
55,7,160,48,16
56,7,160,48,16
57,7,160,48,16
58,7,112,24,8
59,7,120,32,16
60,7,120,32,16
61,7,120,32,16
62,7,120,32,16
63,7,120,32,16
0,8,211,171,111
1,8,211,171,111
2,8,211,171,111
3,8,211,171,111
4,8,211,171,111
5,8,211,171,111
6,8,139,32,8
7,8,139,32,8
8,8,139,32,8
9,8,139,32,8
10,8,192,64,16
11,8,192,64,16
12,8,192,64,16
13,8,192,64,16
14,8,224,80,24
15,8,224,80,24
16,8,144,64,16
17,8,144,64,16
18,8,144,64,16
19,8,208,96,16
20,8,208,96,16
21,8,208,96,16
22,8,224,128,32
23,8,224,128,32
24,8,224,128,32
25,8,224,128,32
26,8,224,128,32
27,8,224,128,32
28,8,224,128,32
29,8,224,128,32
30,8,224,128,32
31,8,208,96,16
32,8,208,96,16
33,8,208,96,16
34,8,144,64,16
35,8,144,64,16
36,8,144,64,16
37,8,217,178,109
38,8,213,173,109
39,8,112,24,8
40,8,112,24,8
41,8,112,24,8
42,8,112,24,8
43,8,112,24,8
44,8,112,24,8
45,8,112,24,8
46,8,136,64,16
47,8,136,64,16
48,8,136,64,16
49,8,136,64,16
50,8,200,96,16
51,8,200,96,16
52,8,200,96,16
53,8,200,96,16
54,8,224,112,21
55,8,224,112,21
56,8,224,112,21
57,8,224,112,21
58,8,224,112,21
59,8,224,112,21
60,8,224,112,21
61,8,224,112,21
62,8,224,112,21
63,8,224,112,21
0,9,212,172,112
1,9,212,172,112
2,9,212,172,112
3,9,212,172,112
4,9,212,172,112
5,9,212,172,112
6,9,139,32,8
7,9,139,32,8
8,9,139,32,8
9,9,139,32,8
10,9,139,32,8
11,9,192,64,16
12,9,192,64,16
13,9,192,64,16
14,9,192,64,16
15,9,192,64,16
16,9,144,64,16
17,9,144,64,16
18,9,144,64,16
19,9,144,64,16
20,9,208,96,16
21,9,208,96,16
22,9,208,96,16
23,9,208,96,16
24,9,224,128,32
25,9,224,128,32
26,9,224,128,32
27,9,224,128,32
28,9,224,128,32
29,9,208,96,16
30,9,208,96,16
31,9,208,96,16
32,9,208,96,16
33,9,144,64,16
34,9,144,64,16
35,9,144,64,16
36,9,144,64,16
37,9,218,179,110
38,9,218,178,110
39,9,213,172,111
40,9,212,172,112
41,9,212,172,112
42,9,214,174,110
43,9,218,179,109
44,9,218,179,110
45,9,218,179,110
46,9,136,64,16
47,9,136,64,16
48,9,136,64,16
49,9,136,64,16
50,9,136,64,16
51,9,200,96,16
52,9,200,96,16
53,9,200,96,16
54,9,200,96,16
55,9,200,96,16
56,9,120,32,16
57,9,120,32,16
58,9,120,32,16
59,9,176,53,16
60,9,176,53,16
61,9,176,53,16
62,9,208,96,32
63,9,208,96,32
0,10,214,174,114
1,10,214,174,114
2,10,214,174,114
3,10,214,174,114
4,10,214,174,114
5,10,214,174,114
6,10,214,174,114
7,10,214,174,114
8,10,214,174,114
9,10,139,32,8
10,10,139,32,8
11,10,139,32,8
12,10,139,32,8
13,10,139,32,8
14,10,139,32,8
15,10,139,32,8
16,10,139,32,8
17,10,192,64,16
18,10,144,64,16
19,10,144,64,16
20,10,144,64,16
21,10,144,64,16
22,10,144,64,16
23,10,144,64,16
24,10,208,96,16
25,10,208,96,16
26,10,128,32,8
27,10,128,32,8
28,10,128,32,8
29,10,128,32,8
30,10,200,64,24
31,10,200,64,24
32,10,200,64,24
33,10,200,64,24
34,10,224,96,32
35,10,224,96,32
36,10,112,24,8
37,10,112,24,8
38,10,112,24,8
39,10,160,48,16
40,10,160,48,16
41,10,160,48,16
42,10,208,80,21
43,10,208,80,21
44,10,208,80,21
45,10,208,80,21
46,10,208,80,21
47,10,208,80,21
48,10,208,80,21
49,10,136,64,16
50,10,136,64,16
51,10,136,64,16
52,10,136,64,16
53,10,136,64,16
54,10,136,64,16
55,10,136,64,16
56,10,120,32,16
57,10,120,32,16
58,10,120,32,16
59,10,120,32,16
60,10,176,53,16
61,10,176,53,16
62,10,176,53,16
63,10,176,53,16
0,11,215,175,115
1,11,215,175,115
2,11,215,175,115
3,11,215,175,115
4,11,215,175,115
5,11,215,175,115
6,11,215,175,115
7,11,215,175,115
8,11,215,175,115
9,11,215,175,115
10,11,215,175,115
11,11,215,175,115
12,11,215,175,115
13,11,215,175,115
14,11,215,175,115
15,11,215,175,115
16,11,215,175,115
17,11,215,175,115
18,11,215,175,115
19,11,215,175,115
20,11,215,175,115
21,11,215,175,115
22,11,215,175,115
23,11,215,175,115
24,11,215,175,115
25,11,215,175,115
26,11,128,32,8
27,11,128,32,8
28,11,128,32,8
29,11,128,32,8
30,11,128,32,8
31,11,200,64,24
32,11,200,64,24
33,11,200,64,24
34,11,200,64,24
35,11,200,64,24
36,11,112,24,8
37,11,112,24,8
38,11,112,24,8
39,11,112,24,8
40,11,160,48,16
41,11,160,48,16
42,11,160,48,16
43,11,160,48,16
44,11,208,80,21
45,11,208,80,21
46,11,208,80,21
47,11,208,80,21
48,11,208,80,21
49,11,160,48,16
50,11,160,48,16
51,11,160,48,16
52,11,160,48,16
53,11,112,24,8
54,11,112,24,8
55,11,112,24,8
56,11,112,24,8
57,11,216,177,114
58,11,120,32,16
59,11,120,32,16
60,11,120,32,16
61,11,120,32,16
62,11,120,32,16
63,11,120,32,16
0,12,217,177,117
1,12,217,177,117
2,12,217,177,117
3,12,217,177,117
4,12,217,177,117
5,12,217,177,117
6,12,139,32,8
7,12,139,32,8
8,12,139,32,8
9,12,192,64,16
10,12,192,64,16
11,12,192,64,16
12,12,224,80,24
13,12,224,80,24
14,12,224,80,24
15,12,224,80,24
16,12,144,64,16
17,12,144,64,16
18,12,208,96,16
19,12,208,96,16
20,12,224,128,32
21,12,224,128,32
22,12,224,128,32
23,12,224,128,32
24,12,224,128,32
25,12,224,128,32
26,12,224,128,32
27,12,208,96,16
28,12,208,96,16
29,12,128,32,8
30,12,128,32,8
31,12,128,32,8
32,12,128,32,8
33,12,128,32,8
34,12,128,32,8
35,12,128,32,8
36,12,128,32,8
37,12,200,64,24
38,12,112,24,8
39,12,112,24,8
40,12,112,24,8
41,12,112,24,8
42,12,112,24,8
43,12,112,24,8
44,12,160,48,16
45,12,160,48,16
46,12,136,64,16
47,12,136,64,16
48,12,136,64,16
49,12,200,96,16
50,12,200,96,16
51,12,200,96,16
52,12,224,112,21
53,12,224,112,21
54,12,224,112,21
55,12,224,112,21
56,12,224,112,21
57,12,224,112,21
58,12,224,112,21
59,12,224,112,21
60,12,224,112,21
61,12,200,96,16
62,12,200,96,16
63,12,200,96,16
0,13,218,178,118
1,13,218,178,118
2,13,218,178,118
3,13,218,178,118
4,13,218,178,118
5,13,218,178,118
6,13,139,32,8
7,13,139,32,8
8,13,139,32,8
9,13,139,32,8
10,13,192,64,16
11,13,192,64,16
12,13,192,64,16
13,13,192,64,16
14,13,224,80,24
15,13,224,80,24
16,13,144,64,16
17,13,144,64,16
18,13,144,64,16
19,13,208,96,16
20,13,208,96,16
21,13,208,96,16
22,13,224,128,32
23,13,224,128,32
24,13,224,128,32
25,13,208,96,16
26,13,208,96,16
27,13,208,96,16
28,13,144,64,16
29,13,144,64,16
30,13,144,64,16
31,13,218,178,118
32,13,218,178,118
33,13,218,178,118
34,13,218,178,118
35,13,218,178,118
36,13,219,179,116
37,13,223,184,115
38,13,223,184,115
39,13,223,184,115
40,13,223,184,115
41,13,223,183,115
42,13,218,178,117
43,13,218,178,118
44,13,218,178,118
45,13,218,178,118
46,13,136,64,16
47,13,136,64,16
48,13,136,64,16
49,13,136,64,16
50,13,200,96,16
51,13,200,96,16
52,13,200,96,16
53,13,200,96,16
54,13,224,112,21
55,13,224,112,21
56,13,120,32,16
57,13,120,32,16
58,13,176,53,16
59,13,176,53,16
60,13,208,96,32
61,13,208,96,32
62,13,208,96,32
63,13,208,96,32
0,14,219,179,119
1,14,219,179,119
2,14,219,179,119
3,14,219,179,119
4,14,219,179,119
5,14,219,179,119
6,14,219,179,119
7,14,219,179,119
8,14,139,32,8
9,14,139,32,8
10,14,139,32,8
11,14,139,32,8
12,14,139,32,8
13,14,139,32,8
14,14,192,64,16
15,14,192,64,16
16,14,192,64,16
17,14,192,64,16
18,14,144,64,16
19,14,144,64,16
20,14,144,64,16
21,14,144,64,16
22,14,208,96,16
23,14,208,96,16
24,14,208,96,16
25,14,144,64,16
26,14,128,32,8
27,14,128,32,8
28,14,128,32,8
29,14,200,64,24
30,14,200,64,24
31,14,200,64,24
32,14,224,96,32
33,14,224,96,32
34,14,224,96,32
35,14,224,96,32
36,14,112,24,8
37,14,112,24,8
38,14,160,48,16
39,14,160,48,16
40,14,208,80,21
41,14,208,80,21
42,14,208,80,21
43,14,208,80,21
44,14,208,80,21
45,14,208,80,21
46,14,208,80,21
47,14,160,48,16
48,14,136,64,16
49,14,136,64,16
50,14,136,64,16
51,14,136,64,16
52,14,136,64,16
53,14,136,64,16
54,14,200,96,16
55,14,200,96,16
56,14,120,32,16
57,14,120,32,16
58,14,120,32,16
59,14,176,53,16
60,14,176,53,16
61,14,176,53,16
62,14,208,96,32
63,14,208,96,32
0,15,221,181,121
1,15,221,181,121
2,15,221,181,121
3,15,221,181,121
4,15,221,181,121
5,15,221,181,121
6,15,221,181,121
7,15,221,181,121
8,15,221,181,121
9,15,221,181,121
10,15,221,181,121
11,15,221,181,121
12,15,221,181,121
13,15,221,181,121
14,15,221,181,121
15,15,221,181,121
16,15,221,181,121
17,15,221,181,121
18,15,221,181,121
19,15,221,181,121
20,15,221,181,121
21,15,221,181,121
22,15,221,181,121
23,15,221,181,121
24,15,221,181,121
25,15,221,181,121
26,15,128,32,8
27,15,128,32,8
28,15,128,32,8
29,15,128,32,8
30,15,200,64,24
31,15,200,64,24
32,15,200,64,24
33,15,200,64,24
34,15,224,96,32
35,15,224,96,32
36,15,112,24,8
37,15,112,24,8
38,15,112,24,8
39,15,160,48,16
40,15,160,48,16
41,15,160,48,16
42,15,208,80,21
43,15,208,80,21
44,15,208,80,21
45,15,160,48,16
46,15,160,48,16
47,15,160,48,16
48,15,112,24,8
49,15,112,24,8
50,15,112,24,8
51,15,226,187,118
52,15,226,187,118
53,15,226,187,118
54,15,226,187,118
55,15,226,187,118
56,15,226,187,118
57,15,222,182,119
58,15,120,32,16
59,15,120,32,16
60,15,120,32,16
61,15,120,32,16
62,15,176,53,16
63,15,176,53,16
0,16,222,182,122
1,16,222,182,122
2,16,222,182,122
3,16,222,182,122
4,16,222,182,122
5,16,222,182,122
6,16,139,32,8
7,16,139,32,8
8,16,192,64,16
9,16,192,64,16
10,16,224,80,24
11,16,224,80,24
12,16,224,80,24
13,16,224,80,24
14,16,224,80,24
15,16,224,80,24
16,16,144,64,16
17,16,208,96,16
18,16,208,96,16
19,16,224,128,32
20,16,224,128,32
21,16,224,128,32
22,16,208,96,16
23,16,208,96,16
24,16,144,64,16
25,16,222,182,122
26,16,222,182,122
27,16,222,182,122
28,16,128,32,8
29,16,128,32,8
30,16,128,32,8
31,16,128,32,8
32,16,128,32,8
33,16,128,32,8
34,16,200,64,24
35,16,200,64,24
36,16,200,64,24
37,16,200,64,24
38,16,112,24,8
39,16,112,24,8
40,16,112,24,8
41,16,112,24,8
42,16,160,48,16
43,16,160,48,16
44,16,160,48,16
45,16,112,24,8
46,16,136,64,16
47,16,136,64,16
48,16,200,96,16
49,16,200,96,16
50,16,224,112,21
51,16,224,112,21
52,16,224,112,21
53,16,224,112,21
54,16,224,112,21
55,16,224,112,21
56,16,224,112,21
57,16,200,96,16
58,16,200,96,16
59,16,136,64,16
60,16,136,64,16
61,16,222,182,122
62,16,222,182,122
63,16,222,182,122
0,17,223,183,123
1,17,223,183,123
2,17,223,183,123
3,17,223,183,123
4,17,223,183,123
5,17,223,183,123
6,17,139,32,8
7,17,139,32,8
8,17,139,32,8
9,17,192,64,16
10,17,192,64,16
11,17,192,64,16
12,17,224,80,24
13,17,224,80,24
14,17,224,80,24
15,17,192,64,16
16,17,144,64,16
17,17,208,96,16
18,17,208,96,16
19,17,224,128,32
20,17,224,128,32
21,17,224,128,32
22,17,208,96,16
23,17,208,96,16
24,17,144,64,16
25,17,223,183,123
26,17,223,183,123
27,17,223,183,123
28,17,223,183,123
29,17,223,183,123
30,17,223,183,123
31,17,223,183,123
32,17,223,183,123
33,17,223,183,123
34,17,223,183,123
35,17,223,183,123
36,17,223,183,123
37,17,223,183,123
38,17,226,187,120
39,17,227,188,119
40,17,227,188,119
41,17,227,188,119
42,17,227,188,119
43,17,227,188,119
44,17,227,187,120
45,17,223,184,122
46,17,136,64,16
47,17,136,64,16
48,17,136,64,16
49,17,200,96,16
50,17,200,96,16
51,17,200,96,16
52,17,224,112,21
53,17,224,112,21
54,17,224,112,21
55,17,200,96,16
56,17,120,32,16
57,17,176,53,16
58,17,176,53,16
59,17,208,96,32
60,17,208,96,32
61,17,208,96,32
62,17,176,53,16
63,17,176,53,16
0,18,225,185,125
1,18,225,185,125
2,18,225,185,125
3,18,225,185,125
4,18,225,185,125
5,18,225,185,125
6,18,225,185,125
7,18,225,185,125
8,18,139,32,8
9,18,139,32,8
10,18,139,32,8
11,18,139,32,8
12,18,192,64,16
13,18,192,64,16
14,18,192,64,16
15,18,139,32,8
16,18,139,32,8
17,18,144,64,16
18,18,144,64,16
19,18,208,96,16
20,18,208,96,16
21,18,208,96,16
22,18,144,64,16
23,18,144,64,16
24,18,225,185,125
25,18,225,185,125
26,18,128,32,8
27,18,128,32,8
28,18,200,64,24
29,18,200,64,24
30,18,224,96,32
31,18,224,96,32
32,18,224,96,32
33,18,224,96,32
34,18,224,96,32
35,18,224,96,32
36,18,112,24,8
37,18,160,48,16
38,18,160,48,16
39,18,208,80,21
40,18,208,80,21
41,18,208,80,21
42,18,160,48,16
43,18,160,48,16
44,18,112,24,8
45,18,228,189,121
46,18,225,185,125
47,18,225,185,125
48,18,136,64,16
49,18,136,64,16
50,18,136,64,16
51,18,136,64,16
52,18,200,96,16
53,18,200,96,16
54,18,200,96,16
55,18,136,64,16
56,18,120,32,16
57,18,176,53,16
58,18,176,53,16
59,18,208,96,32
60,18,208,96,32
61,18,208,96,32
62,18,176,53,16
63,18,176,53,16
0,19,226,186,126
1,19,226,186,126
2,19,226,186,126
3,19,226,186,126
4,19,226,186,126
5,19,226,186,126
6,19,226,186,126
7,19,226,186,126
8,19,226,186,126
9,19,226,186,126
10,19,226,186,126
11,19,226,186,126
12,19,226,186,126
13,19,226,186,126
14,19,226,186,126
15,19,226,186,126
16,19,226,186,126
17,19,226,186,126
18,19,226,186,126
19,19,226,186,126
20,19,226,186,126
21,19,226,186,126
22,19,226,186,126
23,19,226,186,126
24,19,226,186,126
25,19,226,186,126
26,19,128,32,8
27,19,128,32,8
28,19,128,32,8
29,19,200,64,24
30,19,200,64,24
31,19,200,64,24
32,19,224,96,32
33,19,224,96,32
34,19,224,96,32
35,19,200,64,24
36,19,112,24,8
37,19,160,48,16
38,19,160,48,16
39,19,208,80,21
40,19,208,80,21
41,19,208,80,21
42,19,160,48,16
43,19,160,48,16
44,19,112,24,8
45,19,230,191,122
46,19,228,188,123
47,19,226,186,126
48,19,226,186,126
49,19,226,186,126
50,19,226,186,126
51,19,226,186,126
52,19,226,186,126
53,19,227,187,124
54,19,228,188,123
55,19,226,186,126
56,19,226,186,126
57,19,120,32,16
58,19,120,32,16
59,19,176,53,16
60,19,176,53,16
61,19,176,53,16
62,19,120,32,16
63,19,120,32,16
0,20,228,188,128
1,20,228,188,128
2,20,228,188,128
3,20,228,188,128
4,20,228,188,128
5,20,228,188,128
6,20,139,32,8
7,20,192,64,16
8,20,192,64,16
9,20,224,80,24
10,20,224,80,24
11,20,224,80,24
12,20,192,64,16
13,20,192,64,16
14,20,139,32,8
15,20,228,188,128
16,20,228,188,128
17,20,228,188,128
18,20,228,188,128
19,20,228,188,128
20,20,228,188,128
21,20,228,188,128
22,20,228,188,128
23,20,228,188,128
24,20,228,188,128
25,20,228,188,128
26,20,228,188,128
27,20,228,188,128
28,20,128,32,8
29,20,128,32,8
30,20,128,32,8
31,20,128,32,8
32,20,200,64,24
33,20,200,64,24
34,20,200,64,24
35,20,128,32,8
36,20,128,32,8
37,20,112,24,8
38,20,112,24,8
39,20,160,48,16
40,20,160,48,16
41,20,160,48,16
42,20,112,24,8
43,20,112,24,8
44,20,232,193,124
45,20,232,193,124
46,20,136,64,16
47,20,200,96,16
48,20,200,96,16
49,20,224,112,21
50,20,224,112,21
51,20,224,112,21
52,20,200,96,16
53,20,200,96,16
54,20,136,64,16
55,20,228,188,128
56,20,228,188,128
57,20,228,188,128
58,20,228,188,128
59,20,228,188,128
60,20,228,188,128
61,20,228,188,128
62,20,228,188,128
63,20,228,188,128
0,21,229,189,129
1,21,229,189,129
2,21,229,189,129
3,21,229,189,129
4,21,229,189,129
5,21,229,189,129
6,21,139,32,8
7,21,192,64,16
8,21,192,64,16
9,21,224,80,24
10,21,224,80,24
11,21,224,80,24
12,21,192,64,16
13,21,192,64,16
14,21,139,32,8
15,21,229,189,129
16,21,229,189,129
17,21,229,189,129
18,21,229,189,129
19,21,229,189,129
20,21,229,189,129
21,21,229,189,129
22,21,229,189,129
23,21,229,189,129
24,21,229,189,129
25,21,229,189,129
26,21,229,189,129
27,21,229,189,129
28,21,229,189,129
29,21,229,189,129
30,21,229,189,129
31,21,229,189,129
32,21,229,189,129
33,21,229,189,129
34,21,229,189,129
35,21,229,189,129
36,21,229,189,129
37,21,229,189,129
38,21,229,189,129
39,21,230,190,126
40,21,233,193,124
41,21,233,193,124
42,21,233,193,124
43,21,233,193,124
44,21,233,193,124
45,21,233,193,124
46,21,136,64,16
47,21,200,96,16
48,21,200,96,16
49,21,224,112,21
50,21,224,112,21
51,21,224,112,21
52,21,200,96,16
53,21,200,96,16
54,21,136,64,16
55,21,229,189,129
56,21,229,189,129
57,21,229,189,129
58,21,229,189,129
59,21,229,189,129
60,21,229,189,129
61,21,229,189,129
62,21,229,189,129
63,21,229,189,129
0,22,230,190,130
1,22,230,190,130
2,22,230,190,130
3,22,230,190,130
4,22,230,190,130
5,22,230,190,130
6,22,230,190,130
7,22,139,32,8
8,22,139,32,8
9,22,192,64,16
10,22,192,64,16
11,22,192,64,16
12,22,139,32,8
13,22,139,32,8
14,22,230,190,130
15,22,230,190,130
16,22,230,190,130
17,22,230,190,130
18,22,230,190,130
19,22,230,190,130
20,22,230,190,130
21,22,230,190,130
22,22,230,190,130
23,22,230,190,130
24,22,230,190,130
25,22,230,190,130
26,22,128,32,8
27,22,200,64,24
28,22,200,64,24
29,22,224,96,32
30,22,224,96,32
31,22,224,96,32
32,22,200,64,24
33,22,200,64,24
34,22,128,32,8
35,22,230,190,130
36,22,230,190,130
37,22,230,190,130
38,22,230,190,130
39,22,230,190,129
40,22,233,194,125
41,22,233,194,125
42,22,233,194,125
43,22,233,194,125
44,22,233,194,125
45,22,233,194,125
46,22,233,194,125
47,22,136,64,16
48,22,136,64,16
49,22,200,96,16
50,22,200,96,16
51,22,200,96,16
52,22,136,64,16
53,22,136,64,16
54,22,230,190,130
55,22,230,190,130
56,22,230,190,130
57,22,230,190,130
58,22,230,190,130
59,22,230,190,130
60,22,230,190,130
61,22,230,190,130
62,22,230,190,130
63,22,230,190,130
0,23,232,192,132
1,23,232,192,132
2,23,232,192,132
3,23,232,192,132
4,23,232,192,132
5,23,232,192,132
6,23,232,192,132
7,23,232,192,132
8,23,232,192,132
9,23,232,192,132
10,23,232,192,132
11,23,232,192,132
12,23,232,192,132
13,23,232,192,132
14,23,232,192,132
15,23,232,192,132
16,23,232,192,132
17,23,232,192,132
18,23,232,192,132
19,23,232,192,132
20,23,232,192,132
21,23,232,192,132
22,23,232,192,132
23,23,232,192,132
24,23,232,192,132
25,23,232,192,132
26,23,128,32,8
27,23,200,64,24
28,23,200,64,24
29,23,224,96,32
30,23,224,96,32
31,23,224,96,32
32,23,200,64,24
33,23,200,64,24
34,23,128,32,8
35,23,232,192,132
36,23,232,192,132
37,23,232,192,132
38,23,232,192,132
39,23,232,192,132
40,23,234,194,129
41,23,235,196,127
42,23,235,196,127
43,23,235,196,127
44,23,235,196,127
45,23,235,196,127
46,23,235,196,127
47,23,235,196,127
48,23,235,196,127
49,23,233,194,129
50,23,232,192,132
51,23,232,192,132
52,23,232,192,132
53,23,232,192,132
54,23,232,192,132
55,23,232,192,132
56,23,232,192,132
57,23,232,192,132
58,23,232,192,132
59,23,232,192,132
60,23,232,192,132
61,23,232,192,132
62,23,232,192,132
63,23,232,192,132
0,24,233,193,133
1,24,233,193,133
2,24,233,193,133
3,24,233,193,133
4,24,233,193,133
5,24,233,193,133
6,24,233,193,133
7,24,233,193,133
8,24,233,193,133
9,24,233,193,133
10,24,233,193,133
11,24,233,193,133
12,24,233,193,133
13,24,233,193,133
14,24,233,193,133
15,24,233,193,133
16,24,233,193,133
17,24,233,193,133
18,24,233,193,133
19,24,233,193,133
20,24,233,193,133
21,24,233,193,133
22,24,233,193,133
23,24,233,193,133
24,24,233,193,133
25,24,233,193,133
26,24,233,193,133
27,24,128,32,8
28,24,128,32,8
29,24,200,64,24
30,24,200,64,24
31,24,200,64,24
32,24,128,32,8
33,24,128,32,8
34,24,233,193,133
35,24,233,193,133
36,24,233,193,133
37,24,233,193,133
38,24,233,193,133
39,24,233,193,133
40,24,233,194,131
41,24,236,197,128
42,24,236,197,128
43,24,236,197,128
44,24,236,197,128
45,24,236,197,128
46,24,236,197,128
47,24,236,197,128
48,24,235,196,128
49,24,233,193,131
50,24,233,193,133
51,24,233,193,133
52,24,233,193,133
53,24,233,193,133
54,24,233,193,133
55,24,233,193,133
56,24,233,193,133
57,24,233,193,133
58,24,233,193,133
59,24,233,193,133
60,24,233,193,133
61,24,233,193,133
62,24,233,193,133
63,24,233,193,133
0,25,234,194,134
1,25,234,194,134
2,25,234,194,134
3,25,234,194,134
4,25,234,194,134
5,25,234,194,134
6,25,234,194,134
7,25,234,194,134
8,25,234,194,134
9,25,234,194,134
10,25,234,194,134
11,25,234,194,134
12,25,234,194,134
13,25,234,194,134
14,25,234,194,134
15,25,234,194,134
16,25,234,194,134
17,25,234,194,134
18,25,234,194,134
19,25,234,194,134
20,25,234,194,134
21,25,234,194,134
22,25,234,194,134
23,25,234,194,134
24,25,234,194,134
25,25,234,194,134
26,25,234,194,134
27,25,234,194,134
28,25,234,194,134
29,25,234,194,134
30,25,234,194,134
31,25,234,194,134
32,25,234,194,134
33,25,234,194,134
34,25,234,194,134
35,25,234,194,134
36,25,234,194,134
37,25,234,194,134
38,25,234,194,134
39,25,234,194,134
40,25,234,194,134
41,25,236,198,129
42,25,237,198,129
43,25,237,198,129
44,25,237,198,129
45,25,237,198,129
46,25,236,197,129
47,25,235,194,131
48,25,234,194,134
49,25,234,194,134
50,25,234,194,134
51,25,234,194,134
52,25,234,194,134
53,25,234,194,134
54,25,234,194,134
55,25,234,194,134
56,25,234,194,134
57,25,234,194,134
58,25,234,194,134
59,25,234,194,134
60,25,234,194,134
61,25,234,194,134
62,25,234,194,134
63,25,234,194,134
0,26,236,196,136
1,26,236,196,136
2,26,236,196,136
3,26,236,196,136
4,26,236,196,136
5,26,236,196,136
6,26,236,196,136
7,26,236,196,136
8,26,236,196,136
9,26,236,196,136
10,26,236,196,136
11,26,236,196,136
12,26,236,196,136
13,26,236,196,136
14,26,236,196,136
15,26,236,196,136
16,26,236,196,136
17,26,236,196,136
18,26,236,196,136
19,26,236,196,136
20,26,236,196,136
21,26,236,196,136
22,26,236,196,136
23,26,236,196,136
24,26,236,196,136
25,26,236,196,136
26,26,236,196,136
27,26,236,196,136
28,26,236,196,136
29,26,236,196,136
30,26,236,196,136
31,26,236,196,136
32,26,236,196,136
33,26,236,196,136
34,26,236,196,136
35,26,236,196,136
36,26,236,196,136
37,26,236,196,136
38,26,236,196,136
39,26,236,196,136
40,26,236,196,136
41,26,237,197,132
42,26,238,199,130
43,26,238,199,130
44,26,238,198,130
45,26,237,197,133
46,26,236,196,136
47,26,236,196,136
48,26,236,196,136
49,26,236,196,136
50,26,236,196,136
51,26,236,196,136
52,26,236,196,136
53,26,236,196,136
54,26,236,196,136
55,26,236,196,136
56,26,236,196,136
57,26,236,196,136
58,26,236,196,136
59,26,236,196,136
60,26,236,196,136
61,26,236,196,136
62,26,236,196,136
63,26,236,196,136
0,27,237,197,137
1,27,237,197,137
2,27,237,197,137
3,27,237,197,137
4,27,237,197,137
5,27,237,197,137
6,27,237,197,137
7,27,237,197,137
8,27,237,197,137
9,27,237,197,137
10,27,237,197,137
11,27,237,197,137
12,27,237,197,137
13,27,237,197,137
14,27,237,197,137
15,27,237,197,137
16,27,237,197,137
17,27,237,197,137
18,27,237,197,137
19,27,237,197,137
20,27,237,197,137
21,27,237,197,137
22,27,237,197,137
23,27,237,197,137
24,27,237,197,137
25,27,237,197,137
26,27,237,197,137
27,27,237,197,137
28,27,237,197,137
29,27,237,197,137
30,27,237,197,137
31,27,237,197,137
32,27,237,197,137
33,27,237,197,137
34,27,237,197,137
35,27,237,197,137
36,27,237,197,137
37,27,237,197,137
38,27,237,197,137
39,27,237,197,137
40,27,237,197,137
41,27,237,197,135
42,27,239,200,132
43,27,238,198,133
44,27,237,197,136
45,27,237,197,137
46,27,237,197,137
47,27,237,197,137
48,27,237,197,137
49,27,237,197,137
50,27,237,197,137
51,27,237,197,137
52,27,237,197,137
53,27,237,197,137
54,27,237,197,137
55,27,237,197,137
56,27,237,197,137
57,27,237,197,137
58,27,237,197,137
59,27,237,197,137
60,27,237,197,137
61,27,237,197,137
62,27,237,197,137
63,27,237,197,137
0,28,239,199,139
1,28,239,199,139
2,28,239,199,139
3,28,239,199,139
4,28,239,199,139
5,28,239,199,139
6,28,239,199,139
7,28,239,199,139
8,28,239,199,139
9,28,239,199,139
10,28,239,199,139
11,28,239,199,139
12,28,239,199,139
13,28,239,199,139
14,28,239,199,139
15,28,239,199,139
16,28,239,199,139
17,28,239,199,139
18,28,239,199,139
19,28,239,199,139
20,28,239,199,139
21,28,239,199,139
22,28,239,199,139
23,28,239,199,139
24,28,239,199,139
25,28,239,199,139
26,28,239,199,139
27,28,239,199,139
28,28,239,199,139
29,28,239,199,139
30,28,239,199,139
31,28,239,199,139
32,28,239,199,139
33,28,239,199,139
34,28,239,199,139
35,28,239,199,139
36,28,239,199,139
37,28,239,199,139
38,28,239,199,139
39,28,239,199,139
40,28,239,199,139
41,28,239,199,139
42,28,239,199,138
43,28,239,199,139
44,28,239,199,139
45,28,239,199,139
46,28,239,199,139
47,28,239,199,139
48,28,239,199,139
49,28,239,199,139
50,28,239,199,139
51,28,239,199,139
52,28,239,199,139
53,28,239,199,139
54,28,239,199,139
55,28,239,199,139
56,28,239,199,139
57,28,239,199,139
58,28,239,199,139
59,28,239,199,139
60,28,239,199,139
61,28,239,199,139
62,28,239,199,139
63,28,239,199,139
0,29,240,200,140
1,29,240,200,140
2,29,240,200,140
3,29,240,200,140
4,29,240,200,140
5,29,240,200,140
6,29,240,200,140
7,29,240,200,140
8,29,240,200,140
9,29,240,200,140
10,29,240,200,140
11,29,240,200,140
12,29,240,200,140
13,29,240,200,140
14,29,240,200,140
15,29,240,200,140
16,29,240,200,140
17,29,240,200,140
18,29,240,200,140
19,29,240,200,140
20,29,240,200,140
21,29,240,200,140
22,29,240,200,140
23,29,240,200,140
24,29,240,200,140
25,29,240,200,140
26,29,240,200,140
27,29,240,200,140
28,29,240,200,140
29,29,240,200,140
30,29,240,200,140
31,29,240,200,140
32,29,240,200,140
33,29,240,200,140
34,29,240,200,140
35,29,240,200,140
36,29,240,200,140
37,29,240,200,140
38,29,240,200,140
39,29,240,200,140
40,29,240,200,140
41,29,240,200,140
42,29,240,200,140
43,29,240,200,140
44,29,240,200,140
45,29,240,200,140
46,29,240,200,140
47,29,240,200,140
48,29,240,200,140
49,29,240,200,140
50,29,240,200,140
51,29,240,200,140
52,29,240,200,140
53,29,240,200,140
54,29,240,200,140
55,29,240,200,140
56,29,240,200,140
57,29,240,200,140
58,29,240,200,140
59,29,240,200,140
60,29,240,200,140
61,29,240,200,140
62,29,240,200,140
63,29,240,200,140
0,30,80,100,40
1,30,80,100,40
2,30,80,100,40
3,30,80,100,40
4,30,80,100,40
5,30,75,66,24
6,30,75,66,24
7,30,80,100,40
8,30,80,100,40
9,30,80,100,40
10,30,80,100,40
11,30,80,100,40
12,30,80,100,40
13,30,80,100,40
14,30,80,100,40
15,30,75,66,24
16,30,75,66,24
17,30,80,100,40
18,30,80,100,40
19,30,80,100,40
20,30,80,100,40
21,30,80,100,40
22,30,80,100,40
23,30,80,100,40
24,30,80,100,40
25,30,75,66,24
26,30,75,66,24
27,30,80,100,40
28,30,80,100,40
29,30,80,100,40
30,30,80,100,40
31,30,80,100,40
32,30,80,100,40
33,30,80,100,40
34,30,80,100,40
35,30,75,66,24
36,30,75,66,24
37,30,80,100,40
38,30,80,100,40
39,30,80,100,40
40,30,80,100,40
41,30,80,100,40
42,30,80,100,40
43,30,80,100,40
44,30,80,100,40
45,30,75,66,24
46,30,75,66,24
47,30,80,100,40
48,30,80,100,40
49,30,80,100,40
50,30,80,100,40
51,30,80,100,40
52,30,80,100,40
53,30,80,100,40
54,30,80,100,40
55,30,75,66,24
56,30,75,66,24
57,30,80,100,40
58,30,80,100,40
59,30,80,100,40
60,30,80,100,40
61,30,80,100,40
62,30,80,100,40
63,30,80,100,40
0,31,76,96,38
1,31,76,96,38
2,31,76,96,38
3,31,76,96,38
4,31,76,96,38
5,31,74,65,24
6,31,74,65,24
7,31,76,96,38
8,31,76,96,38
9,31,76,96,38
10,31,76,96,38
11,31,76,96,38
12,31,76,96,38
13,31,76,96,38
14,31,76,96,38
15,31,74,65,24
16,31,74,65,24
17,31,76,96,38
18,31,76,96,38
19,31,76,96,38
20,31,76,96,38
21,31,76,96,38
22,31,76,96,38
23,31,76,96,38
24,31,76,96,38
25,31,74,65,24
26,31,74,65,24
27,31,76,96,38
28,31,76,96,38
29,31,76,96,38
30,31,76,96,38
31,31,76,96,38
32,31,76,96,38
33,31,76,96,38
34,31,76,96,38
35,31,74,65,24
36,31,74,65,24
37,31,76,96,38
38,31,76,96,38
39,31,76,96,38
40,31,76,96,38
41,31,76,96,38
42,31,76,96,38
43,31,76,96,38
44,31,76,96,38
45,31,74,65,24
46,31,74,65,24
47,31,76,96,38
48,31,76,96,38
49,31,76,96,38
50,31,76,96,38
51,31,76,96,38
52,31,76,96,38
53,31,76,96,38
54,31,76,96,38
55,31,74,65,24
56,31,74,65,24
57,31,76,96,38
58,31,76,96,38
59,31,76,96,38
60,31,76,96,38
61,31,76,96,38
62,31,76,96,38
63,31,76,96,38
0,32,72,92,36
1,32,72,92,36
2,32,72,92,36
3,32,72,92,36
4,32,72,92,36
5,32,72,63,23
6,32,72,63,23
7,32,72,92,36
8,32,72,92,36
9,32,72,92,36
10,32,72,92,36
11,32,72,92,36
12,32,72,92,36
13,32,72,92,36
14,32,72,92,36
15,32,72,63,23
16,32,72,63,23
17,32,72,92,36
18,32,72,92,36
19,32,72,92,36
20,32,72,92,36
21,32,72,92,36
22,32,72,92,36
23,32,72,92,36
24,32,72,92,36
25,32,72,63,23
26,32,72,63,23
27,32,72,92,36
28,32,72,92,36
29,32,72,92,36
30,32,72,92,36
31,32,72,92,36
32,32,72,92,36
33,32,72,92,36
34,32,72,92,36
35,32,72,63,23
36,32,72,63,23
37,32,72,92,36
38,32,72,92,36
39,32,72,92,36
40,32,72,92,36
41,32,72,92,36
42,32,72,92,36
43,32,72,92,36
44,32,72,92,36
45,32,72,63,23
46,32,72,63,23
47,32,72,92,36
48,32,72,92,36
49,32,72,92,36
50,32,72,92,36
51,32,72,92,36
52,32,72,92,36
53,32,72,92,36
54,32,72,92,36
55,32,72,63,23
56,32,72,63,23
57,32,72,92,36
58,32,72,92,36
59,32,72,92,36
60,32,72,92,36
61,32,72,92,36
62,32,72,92,36
63,32,72,92,36
0,33,68,88,34
1,33,68,88,34
2,33,68,88,34
3,33,68,88,34
4,33,68,88,34
5,33,71,62,22
6,33,71,62,22
7,33,68,88,34
8,33,68,88,34
9,33,68,88,34
10,33,68,88,34
11,33,68,88,34
12,33,68,88,34
13,33,68,88,34
14,33,68,88,34
15,33,71,62,22
16,33,71,62,22
17,33,68,88,34
18,33,68,88,34
19,33,68,88,34
20,33,68,88,34
21,33,68,88,34
22,33,68,88,34
23,33,68,88,34
24,33,68,88,34
25,33,71,62,22
26,33,71,62,22
27,33,68,88,34
28,33,68,88,34
29,33,68,88,34
30,33,68,88,34
31,33,68,88,34
32,33,68,88,34
33,33,68,88,34
34,33,68,88,34
35,33,71,62,22
36,33,71,62,22
37,33,68,88,34
38,33,68,88,34
39,33,68,88,34
40,33,68,88,34
41,33,68,88,34
42,33,68,88,34
43,33,68,88,34
44,33,68,88,34
45,33,71,62,22
46,33,71,62,22
47,33,68,88,34
48,33,68,88,34
49,33,68,88,34
50,33,68,88,34
51,33,68,88,34
52,33,68,88,34
53,33,68,88,34
54,33,68,88,34
55,33,71,62,22
56,33,71,62,22
57,33,68,88,34
58,33,68,88,34
59,33,68,88,34
60,33,68,88,34
61,33,68,88,34
62,33,68,88,34
63,33,68,88,34
0,34,64,84,32
1,34,64,84,32
2,34,64,84,32
3,34,64,84,32
4,34,64,84,32
5,34,69,60,21
6,34,69,60,21
7,34,64,84,32
8,34,64,84,32
9,34,64,84,32
10,34,64,84,32
11,34,64,84,32
12,34,64,84,32
13,34,64,84,32
14,34,64,84,32
15,34,69,60,21
16,34,69,60,21
17,34,64,84,32
18,34,64,84,32
19,34,64,84,32
20,34,64,84,32
21,34,64,84,32
22,34,64,84,32
23,34,64,84,32
24,34,64,84,32
25,34,69,60,21
26,34,69,60,21
27,34,64,84,32
28,34,64,84,32
29,34,64,84,32
30,34,64,84,32
31,34,64,84,32
32,34,64,84,32
33,34,64,84,32
34,34,64,84,32
35,34,69,60,21
36,34,69,60,21
37,34,64,84,32
38,34,64,84,32
39,34,64,84,32
40,34,64,84,32
41,34,64,84,32
42,34,64,84,32
43,34,64,84,32
44,34,64,84,32
45,34,69,60,21
46,34,69,60,21
47,34,64,84,32
48,34,64,84,32
49,34,64,84,32
50,34,64,84,32
51,34,64,84,32
52,34,64,84,32
53,34,64,84,32
54,34,64,84,32
55,34,69,60,21
56,34,69,60,21
57,34,64,84,32
58,34,64,84,32
59,34,64,84,32
60,34,64,84,32
61,34,64,84,32
62,34,64,84,32
63,34,64,84,32
0,35,60,80,30
1,35,60,80,30
2,35,60,80,30
3,35,60,80,30
4,35,60,80,30
5,35,67,58,20
6,35,67,58,20
7,35,60,80,30
8,35,60,80,30
9,35,60,80,30
10,35,60,80,30
11,35,60,80,30
12,35,60,80,30
13,35,60,80,30
14,35,60,80,30
15,35,67,58,20
16,35,67,58,20
17,35,60,80,30
18,35,60,80,30
19,35,60,80,30
20,35,60,80,30
21,35,60,80,30
22,35,60,80,30
23,35,60,80,30
24,35,60,80,30
25,35,67,58,20
26,35,67,58,20
27,35,60,80,30
28,35,60,80,30
29,35,60,80,30
30,35,60,80,30
31,35,60,80,30
32,35,60,80,30
33,35,60,80,30
34,35,60,80,30
35,35,67,58,20
36,35,67,58,20
37,35,60,80,30
38,35,60,80,30
39,35,60,80,30
40,35,60,80,30
41,35,60,80,30
42,35,60,80,30
43,35,60,80,30
44,35,60,80,30
45,35,67,58,20
46,35,67,58,20
47,35,60,80,30
48,35,60,80,30
49,35,60,80,30
50,35,60,80,30
51,35,60,80,30
52,35,60,80,30
53,35,60,80,30
54,35,60,80,30
55,35,67,58,20
56,35,67,58,20
57,35,60,80,30
58,35,60,80,30
59,35,60,80,30
60,35,60,80,30
61,35,60,80,30
62,35,60,80,30
63,35,60,80,30
0,36,100,80,40
1,36,100,80,40
2,36,100,80,40
3,36,100,80,40
4,36,100,80,40
5,36,83,58,24
6,36,83,58,24
7,36,224,144,48
8,36,224,144,48
9,36,100,80,40
10,36,100,80,40
11,36,100,80,40
12,36,100,80,40
13,36,100,80,40
14,36,100,80,40
15,36,83,58,24
16,36,83,58,24
17,36,100,80,40
18,36,100,80,40
19,36,100,80,40
20,36,176,40,8
21,36,100,80,40
22,36,176,40,8
23,36,100,80,40
24,36,100,80,40
25,36,83,58,24
26,36,83,58,24
27,36,100,80,40
28,36,100,80,40
29,36,100,80,40
30,36,100,80,40
31,36,100,80,40
32,36,100,80,40
33,36,100,80,40
34,36,100,80,40
35,36,83,58,24
36,36,83,58,24
37,36,100,80,40
38,36,100,80,40
39,36,100,80,40
40,36,100,80,40
41,36,208,80,16
42,36,100,80,40
43,36,100,80,40
44,36,100,80,40
45,36,83,58,24
46,36,83,58,24
47,36,100,80,40
48,36,100,80,40
49,36,100,80,40
50,36,100,80,40
51,36,100,80,40
52,36,100,80,40
53,36,100,80,40
54,36,100,80,40
55,36,83,58,24
56,36,83,58,24
57,36,100,80,40
58,36,100,80,40
59,36,100,80,40
60,36,100,80,40
61,36,100,80,40
62,36,100,80,40
63,36,100,80,40
0,37,208,80,16
1,37,96,77,38
2,37,96,77,38
3,37,96,77,38
4,37,96,77,38
5,37,82,57,24
6,37,82,57,24
7,37,96,77,38
8,37,96,77,38
9,37,96,77,38
10,37,96,77,38
11,37,96,77,38
12,37,96,77,38
13,37,96,77,38
14,37,96,77,38
15,37,82,57,24
16,37,82,57,24
17,37,96,77,38
18,37,96,77,38
19,37,96,77,38
20,37,96,77,38
21,37,96,77,38
22,37,96,77,38
23,37,96,77,38
24,37,96,77,38
25,37,82,57,24
26,37,82,57,24
27,37,96,77,38
28,37,96,77,38
29,37,96,77,38
30,37,96,77,38
31,37,96,77,38
32,37,96,77,38
33,37,208,80,16
34,37,96,77,38
35,37,82,57,24
36,37,82,57,24
37,37,96,77,38
38,37,96,77,38
39,37,96,77,38
40,37,96,77,38
41,37,96,77,38
42,37,96,77,38
43,37,96,77,38
44,37,96,77,38
45,37,82,57,24
46,37,82,57,24
47,37,96,77,38
48,37,96,77,38
49,37,96,77,38
50,37,96,77,38
51,37,96,77,38
52,37,96,77,38
53,37,96,77,38
54,37,96,77,38
55,37,82,57,24
56,37,82,57,24
57,37,96,77,38
58,37,96,77,38
59,37,96,77,38
60,37,96,77,38
61,37,96,77,38
62,37,96,77,38
63,37,96,77,38
0,38,93,75,36
1,38,93,75,36
2,38,93,75,36
3,38,93,75,36
4,38,93,75,36
5,38,81,56,23
6,38,81,56,23
7,38,93,75,36
8,38,93,75,36
9,38,93,75,36
10,38,93,75,36
11,38,93,75,36
12,38,93,75,36
13,38,93,75,36
14,38,93,75,36
15,38,81,56,23
16,38,81,56,23
17,38,93,75,36
18,38,93,75,36
19,38,93,75,36
20,38,93,75,36
21,38,93,75,36
22,38,93,75,36
23,38,93,75,36
24,38,93,75,36
25,38,81,56,23
26,38,81,56,23
27,38,93,75,36
28,38,93,75,36
29,38,93,75,36
30,38,139,96,64
31,38,139,96,64
32,38,139,96,64
33,38,139,96,64
34,38,93,75,36
35,38,81,56,23
36,38,81,56,23
37,38,93,75,36
38,38,93,75,36
39,38,224,112,32
40,38,93,75,36
41,38,93,75,36
42,38,93,75,36
43,38,93,75,36
44,38,93,75,36
45,38,224,112,32
46,38,81,56,23
47,38,93,75,36
48,38,93,75,36
49,38,93,75,36
50,38,93,75,36
51,38,93,75,36
52,38,93,75,36
53,38,93,75,36
54,38,93,75,36
55,38,81,56,23
56,38,81,56,23
57,38,93,75,36
58,38,93,75,36
59,38,93,75,36
60,38,93,75,36
61,38,93,75,36
62,38,93,75,36
63,38,93,75,36
0,39,89,72,35
1,39,89,72,35
2,39,89,72,35
3,39,89,72,35
4,39,89,72,35
5,39,79,55,22
6,39,79,55,22
7,39,89,72,35
8,39,89,72,35
9,39,89,72,35
10,39,89,72,35
11,39,89,72,35
12,39,89,72,35
13,39,89,72,35
14,39,89,72,35
15,39,79,55,22
16,39,79,55,22
17,39,89,72,35
18,39,89,72,35
19,39,89,72,35
20,39,89,72,35
21,39,224,144,48
22,39,89,72,35
23,39,89,72,35
24,39,89,72,35
25,39,79,55,22
26,39,79,55,22
27,39,89,72,35
28,39,89,72,35
29,39,89,72,35
30,39,139,96,64
31,39,139,96,64
32,39,139,96,64
33,39,139,96,64
34,39,89,72,35
35,39,79,55,22
36,39,79,55,22
37,39,89,72,35
38,39,89,72,35
39,39,89,72,35
40,39,89,72,35
41,39,89,72,35
42,39,89,72,35
43,39,89,72,35
44,39,89,72,35
45,39,79,55,22
46,39,79,55,22
47,39,89,72,35
48,39,89,72,35
49,39,89,72,35
50,39,208,80,16
51,39,89,72,35
52,39,89,72,35
53,39,89,72,35
54,39,89,72,35
55,39,79,55,22
56,39,224,144,48
57,39,89,72,35
58,39,89,72,35
59,39,89,72,35
60,39,89,72,35
61,39,89,72,35
62,39,89,72,35
63,39,89,72,35
0,40,85,69,33
1,40,85,69,33
2,40,85,69,33
3,40,85,69,33
4,40,85,69,33
5,40,77,54,22
6,40,77,54,22
7,40,85,69,33
8,40,85,69,33
9,40,85,69,33
10,40,85,69,33
11,40,85,69,33
12,40,85,69,33
13,40,85,69,33
14,40,85,69,33
15,40,77,54,22
16,40,77,54,22
17,40,85,69,33
18,40,85,69,33
19,40,85,69,33
20,40,85,69,33
21,40,85,69,33
22,40,85,69,33
23,40,85,69,33
24,40,85,69,33
25,40,85,69,33
26,40,85,69,33
27,40,85,69,33
28,40,85,69,33
29,40,139,96,64
30,40,139,96,64
31,40,139,96,64
32,40,139,96,64
33,40,139,96,64
34,40,139,96,64
35,40,77,54,22
36,40,77,54,22
37,40,85,69,33
38,40,85,69,33
39,40,85,69,33
40,40,85,69,33
41,40,85,69,33
42,40,85,69,33
43,40,85,69,33
44,40,85,69,33
45,40,77,54,22
46,40,77,54,22
47,40,85,69,33
48,40,85,69,33
49,40,85,69,33
50,40,85,69,33
51,40,85,69,33
52,40,85,69,33
53,40,85,69,33
54,40,85,69,33
55,40,77,54,22
56,40,77,54,22
57,40,85,69,33
58,40,85,69,33
59,40,85,69,33
60,40,85,69,33
61,40,85,69,33
62,40,85,69,33
63,40,85,69,33
0,41,82,66,31
1,41,82,66,31
2,41,82,66,31
3,41,82,66,31
4,41,82,66,31
5,41,82,66,31
6,41,82,66,31
7,41,82,66,31
8,41,82,66,31
9,41,208,80,16
10,41,82,66,31
11,41,82,66,31
12,41,82,66,31
13,41,82,66,31
14,41,82,66,31
15,41,76,53,21
16,41,76,53,21
17,41,82,66,31
18,41,82,66,31
19,41,82,66,31
20,41,82,66,31
21,41,82,66,31
22,41,82,66,31
23,41,82,66,31
24,41,82,66,31
25,41,82,66,31
26,41,82,66,31
27,41,82,66,31
28,41,82,66,31
29,41,139,96,64
30,41,139,96,64
31,41,139,96,64
32,41,139,96,64
33,41,139,96,64
34,41,139,96,64
35,41,76,53,21
36,41,76,53,21
37,41,82,66,31
38,41,82,66,31
39,41,82,66,31
40,41,82,66,31
41,41,82,66,31
42,41,82,66,31
43,41,192,48,8
44,41,82,66,31
45,41,82,66,31
46,41,82,66,31
47,41,82,66,31
48,41,82,66,31
49,41,82,66,31
50,41,82,66,31
51,41,82,66,31
52,41,82,66,31
53,41,82,66,31
54,41,82,66,31
55,41,76,53,21
56,41,76,53,21
57,41,82,66,31
58,41,82,66,31
59,41,82,66,31
60,41,82,66,31
61,41,82,66,31
62,41,176,40,8
63,41,82,66,31
0,42,78,64,29
1,42,78,64,29
2,42,78,64,29
3,42,78,64,29
4,42,78,64,29
5,42,78,64,29
6,42,224,112,32
7,42,78,64,29
8,42,78,64,29
9,42,78,64,29
10,42,78,64,29
11,42,78,64,29
12,42,78,64,29
13,42,78,64,29
14,42,78,64,29
15,42,75,52,20
16,42,75,52,20
17,42,78,64,29
18,42,78,64,29
19,42,78,64,29
20,42,78,64,29
21,42,78,64,29
22,42,78,64,29
23,42,78,64,29
24,42,78,64,29
25,42,78,64,29
26,42,78,64,29
27,42,78,64,29
28,42,139,96,64
29,42,139,96,64
30,42,139,96,64
31,42,139,96,64
32,42,139,96,64
33,42,139,96,64
34,42,139,96,64
35,42,139,96,64
36,42,78,64,29
37,42,78,64,29
38,42,208,80,16
39,42,78,64,29
40,42,78,64,29
41,42,224,112,32
42,42,78,64,29
43,42,78,64,29
44,42,78,64,29
45,42,78,64,29
46,42,78,64,29
47,42,78,64,29
48,42,78,64,29
49,42,78,64,29
50,42,192,48,8
51,42,78,64,29
52,42,78,64,29
53,42,78,64,29
54,42,78,64,29
55,42,76,58,24
56,42,76,58,24
57,42,78,64,29
58,42,78,64,29
59,42,78,64,29
60,42,78,64,29
61,42,78,64,29
62,42,208,80,16
63,42,208,80,16
0,43,75,61,27
1,43,75,61,27
2,43,75,61,27
3,43,75,61,27
4,43,75,61,27
5,43,75,61,27
6,43,75,61,27
7,43,75,61,27
8,43,75,61,27
9,43,75,61,27
10,43,75,61,27
11,43,75,61,27
12,43,75,61,27
13,43,75,61,27
14,43,75,61,27
15,43,75,61,27
16,43,75,61,27
17,43,75,61,27
18,43,75,61,27
19,43,75,61,27
20,43,75,61,27
21,43,75,61,27
22,43,75,61,27
23,43,75,61,27
24,43,75,61,27
25,43,75,61,27
26,43,75,61,27
27,43,139,96,64
28,43,139,96,64
29,43,139,96,64
30,43,139,96,64
31,43,139,96,64
32,43,139,96,64
33,43,139,96,64
34,43,139,96,64
35,43,139,96,64
36,43,139,96,64
37,43,75,61,27
38,43,75,61,27
39,43,75,61,27
40,43,75,61,27
41,43,75,61,27
42,43,75,61,27
43,43,75,61,27
44,43,75,61,27
45,43,75,61,27
46,43,75,61,27
47,43,75,61,27
48,43,75,61,27
49,43,75,61,27
50,43,75,61,27
51,43,75,61,27
52,43,75,61,27
53,43,75,61,27
54,43,75,61,27
55,43,75,61,27
56,43,75,61,27
57,43,75,61,27
58,43,75,61,27
59,43,75,61,27
60,43,75,61,27
61,43,75,61,27
62,43,75,61,27
63,43,75,61,27
0,44,71,58,25
1,44,71,58,25
2,44,71,58,25
3,44,71,58,25
4,44,71,58,25
5,44,71,58,25
6,44,71,58,25
7,44,71,58,25
8,44,71,58,25
9,44,71,58,25
10,44,71,58,25
11,44,71,58,25
12,44,71,58,25
13,44,71,58,25
14,44,71,58,25
15,44,71,58,25
16,44,71,58,25
17,44,71,58,25
18,44,71,58,25
19,44,71,58,25
20,44,71,58,25
21,44,71,58,25
22,44,71,58,25
23,44,71,58,25
24,44,71,58,25
25,44,71,58,25
26,44,71,58,25
27,44,139,96,64
28,44,139,96,64
29,44,139,96,64
30,44,139,96,64
31,44,139,96,64
32,44,139,96,64
33,44,139,96,64
34,44,139,96,64
35,44,139,96,64
36,44,139,96,64
37,44,71,58,25
38,44,71,58,25
39,44,71,58,25
40,44,71,58,25
41,44,71,58,25
42,44,224,144,48
43,44,71,58,25
44,44,71,58,25
45,44,71,58,25
46,44,71,58,25
47,44,71,58,25
48,44,71,58,25
49,44,71,58,25
50,44,71,58,25
51,44,71,58,25
52,44,71,58,25
53,44,71,58,25
54,44,71,58,25
55,44,71,58,25
56,44,71,58,25
57,44,71,58,25
58,44,71,58,25
59,44,71,58,25
60,44,71,58,25
61,44,71,58,25
62,44,71,58,25
63,44,71,58,25
0,45,67,55,24
1,45,67,55,24
2,45,67,55,24
3,45,67,55,24
4,45,67,55,24
5,45,67,55,24
6,45,67,55,24
7,45,67,55,24
8,45,67,55,24
9,45,67,55,24
10,45,67,55,24
11,45,67,55,24
12,45,67,55,24
13,45,67,55,24
14,45,67,55,24
15,45,67,55,24
16,45,67,55,24
17,45,67,55,24
18,45,67,55,24
19,45,67,55,24
20,45,67,55,24
21,45,67,55,24
22,45,67,55,24
23,45,67,55,24
24,45,67,55,24
25,45,67,55,24
26,45,139,96,64
27,45,139,96,64
28,45,139,96,64
29,45,139,96,64
30,45,139,96,64
31,45,139,96,64
32,45,139,96,64
33,45,139,96,64
34,45,139,96,64
35,45,139,96,64
36,45,139,96,64
37,45,139,96,64
38,45,67,55,24
39,45,67,55,24
40,45,67,55,24
41,45,67,55,24
42,45,67,55,24
43,45,67,55,24
44,45,67,55,24
45,45,67,55,24
46,45,67,55,24
47,45,67,55,24
48,45,67,55,24
49,45,67,55,24
50,45,67,55,24
51,45,67,55,24
52,45,67,55,24
53,45,67,55,24
54,45,67,55,24
55,45,67,55,24
56,45,67,55,24
57,45,67,55,24
58,45,67,55,24
59,45,67,55,24
60,45,67,55,24
61,45,67,55,24
62,45,67,55,24
63,45,67,55,24
0,46,64,53,22
1,46,64,53,22
2,46,64,53,22
3,46,64,53,22
4,46,64,53,22
5,46,64,53,22
6,46,64,53,22
7,46,64,53,22
8,46,64,53,22
9,46,64,53,22
10,46,64,53,22
11,46,64,53,22
12,46,64,53,22
13,46,64,53,22
14,46,64,53,22
15,46,64,53,22
16,46,64,53,22
17,46,64,53,22
18,46,64,53,22
19,46,64,53,22
20,46,64,53,22
21,46,64,53,22
22,46,64,53,22
23,46,64,53,22
24,46,64,53,22
25,46,64,53,22
26,46,139,96,64
27,46,139,96,64
28,46,139,96,64
29,46,139,96,64
30,46,139,96,64
31,46,139,96,64
32,46,139,96,64
33,46,139,96,64
34,46,139,96,64
35,46,139,96,64
36,46,139,96,64
37,46,139,96,64
38,46,64,53,22
39,46,64,53,22
40,46,64,53,22
41,46,64,53,22
42,46,64,53,22
43,46,64,53,22
44,46,64,53,22
45,46,64,53,22
46,46,64,53,22
47,46,64,53,22
48,46,64,53,22
49,46,64,53,22
50,46,64,53,22
51,46,64,53,22
52,46,64,53,22
53,46,64,53,22
54,46,64,53,22
55,46,64,53,22
56,46,64,53,22
57,46,64,53,22
58,46,64,53,22
59,46,64,53,22
60,46,64,53,22
61,46,64,53,22
62,46,64,53,22
63,46,64,53,22
0,47,60,50,20
1,47,60,50,20
2,47,60,50,20
3,47,60,50,20
4,47,60,50,20
5,47,60,50,20
6,47,60,50,20
7,47,60,50,20
8,47,60,50,20
9,47,60,50,20
10,47,60,50,20
11,47,60,50,20
12,47,60,50,20
13,47,60,50,20
14,47,60,50,20
15,47,60,50,20
16,47,60,50,20
17,47,60,50,20
18,47,60,50,20
19,47,60,50,20
20,47,60,50,20
21,47,60,50,20
22,47,60,50,20
23,47,60,50,20
24,47,60,50,20
25,47,60,50,20
26,47,139,96,64
27,47,139,96,64
28,47,139,96,64
29,47,139,96,64
30,47,139,96,64
31,47,139,96,64
32,47,139,96,64
33,47,139,96,64
34,47,139,96,64
35,47,139,96,64
36,47,139,96,64
37,47,139,96,64
38,47,60,50,20
39,47,60,50,20
40,47,60,50,20
41,47,60,50,20
42,47,60,50,20
43,47,60,50,20
44,47,60,50,20
45,47,60,50,20
46,47,60,50,20
47,47,60,50,20
48,47,60,50,20
49,47,60,50,20
50,47,60,50,20
51,47,60,50,20
52,47,60,50,20
53,47,60,50,20
54,47,60,50,20
55,47,60,50,20
56,47,60,50,20
57,47,60,50,20
58,47,60,50,20
59,47,60,50,20
60,47,60,50,20
61,47,60,50,20
62,47,60,50,20
63,47,60,50,20