0,0,5,0,20
1,0,5,0,20
2,0,5,0,20
3,0,5,0,20
4,0,5,0,20
5,0,5,0,20
6,0,5,0,20
7,0,5,0,20
8,0,5,0,20
9,0,5,0,20
10,0,5,0,20
11,0,5,0,20
12,0,5,0,20
13,0,5,0,20
14,0,59,59,99
15,0,5,0,20
16,0,5,0,20
17,0,5,0,20
18,0,5,0,20
19,0,107,107,147
20,0,57,57,97
21,0,5,0,20
22,0,63,63,103
23,0,5,0,20
24,0,5,0,20
25,0,5,0,20
26,0,125,125,165
27,0,5,0,20
28,0,5,0,20
29,0,5,0,20
30,0,5,0,20
31,0,5,0,20
32,0,5,0,20
33,0,213,213,253
34,0,5,0,20
35,0,5,0,20
36,0,5,0,20
37,0,5,0,20
38,0,5,0,20
39,0,5,0,20
40,0,5,0,20
41,0,5,0,20
42,0,5,0,20
43,0,5,0,20
44,0,5,0,20
45,0,5,0,20
46,0,5,0,20
47,0,5,0,20
48,0,5,0,20
49,0,5,0,20
50,0,5,0,20
51,0,5,0,20
52,0,5,0,20
53,0,5,0,20
54,0,133,133,173
55,0,5,0,20
56,0,5,0,20
57,0,5,0,20
58,0,5,0,20
59,0,5,0,20
60,0,5,0,20
61,0,5,0,20
62,0,5,0,20
63,0,5,0,20
0,1,5,0,20
1,1,151,151,191
2,1,5,0,20
3,1,5,0,20
4,1,5,0,20
5,1,5,0,20
6,1,58,57,98
7,1,5,0,21
8,1,5,0,21
9,1,6,1,22
10,1,6,1,22
11,1,6,1,22
12,1,160,159,201
13,1,5,0,21
14,1,5,0,20
15,1,5,0,20
16,1,5,0,20
17,1,5,0,20
18,1,5,0,20
19,1,5,0,20
20,1,5,0,20
21,1,5,0,20
22,1,81,81,121
23,1,81,81,121
24,1,5,0,20
25,1,5,0,20
26,1,5,0,20
27,1,5,0,20
28,1,5,0,20
29,1,5,0,20
30,1,5,0,20
31,1,5,0,20
32,1,5,0,20
33,1,5,0,20
34,1,5,0,20
35,1,5,0,20
36,1,5,0,20
37,1,5,0,20
38,1,5,0,20
39,1,5,0,20
40,1,5,0,20
41,1,5,0,20
42,1,210,210,250
43,1,5,0,20
44,1,5,0,20
45,1,5,0,20
46,1,5,0,20
47,1,5,0,20
48,1,5,0,20
49,1,5,0,20
50,1,5,0,20
51,1,107,107,147
52,1,5,0,20
53,1,5,0,20
54,1,133,133,173
55,1,5,0,20
56,1,5,0,20
57,1,5,0,20
58,1,5,0,20
59,1,5,0,20
60,1,5,0,20
61,1,5,0,20
62,1,5,0,20
63,1,5,0,20
0,2,5,0,20
1,2,5,0,20
2,2,5,0,20
3,2,5,0,20
4,2,5,0,20
5,2,5,0,21
6,2,6,1,22
7,2,7,1,23
8,2,8,1,24
9,2,8,1,25
10,2,197,194,238
11,2,58,55,99
12,2,195,192,235
13,2,146,144,187
14,2,6,1,22
15,2,5,0,21
16,2,5,0,20
17,2,5,0,20
18,2,5,0,20
19,2,5,0,20
20,2,5,0,20
21,2,5,0,20
22,2,5,0,20
23,2,5,0,20
24,2,5,0,20
25,2,5,0,20
26,2,5,0,20
27,2,5,0,20
28,2,5,0,20
29,2,5,0,20
30,2,5,0,20
31,2,5,0,20
32,2,122,122,162
33,2,5,0,20
34,2,113,113,153
35,2,201,201,241
36,2,5,0,20
37,2,5,0,20
38,2,5,0,20
39,2,5,0,20
40,2,5,0,20
41,2,214,214,254
42,2,214,214,254
43,2,5,0,20
44,2,5,0,20
45,2,5,0,20
46,2,5,0,20
47,2,5,0,20
48,2,75,75,115
49,2,75,75,115
50,2,5,0,20
51,2,5,0,20
52,2,5,0,20
53,2,5,0,20
54,2,5,0,20
55,2,5,0,20
56,2,5,0,20
57,2,5,0,20
58,2,5,0,20
59,2,5,0,20
60,2,5,0,20
61,2,5,0,20
62,2,5,0,20
63,2,5,0,20
0,3,5,0,20
1,3,5,0,20
2,3,5,0,20
3,3,5,0,20
4,3,6,1,22
5,3,8,1,24
6,3,8,1,25
7,3,9,2,26
8,3,98,94,138
9,3,10,2,27
10,3,197,193,238
11,3,10,2,27
12,3,194,190,235
13,3,9,2,26
14,3,8,1,25
15,3,8,1,24
16,3,6,1,22
17,3,5,0,20
18,3,5,0,20
19,3,5,0,20
20,3,5,0,20
21,3,131,131,171
22,3,5,0,20
23,3,5,0,20
24,3,5,0,20
25,3,5,0,20
26,3,5,0,20
27,3,5,0,20
28,3,5,0,20
29,3,5,0,20
30,3,5,0,20
31,3,5,0,20
32,3,5,0,20
33,3,5,0,20
34,3,5,0,20
35,3,5,0,20
36,3,5,0,20
37,3,5,0,20
38,3,5,0,20
39,3,5,0,20
40,3,5,0,20
41,3,5,0,20
42,3,5,0,20
43,3,5,0,20
44,3,5,0,20
45,3,5,0,20
46,3,5,0,20
47,3,5,0,20
48,3,5,0,20
49,3,75,75,115
50,3,5,0,20
51,3,5,0,20
52,3,5,0,20
53,3,5,0,20
54,3,5,0,20
55,3,5,0,20
56,3,5,0,20
57,3,5,0,20
58,3,5,0,20
59,3,5,0,20
60,3,5,0,20
61,3,5,0,20
62,3,245,245,255
63,3,5,0,20
0,4,5,0,20
1,4,107,107,147
2,4,5,0,20
3,4,6,1,22
4,4,8,1,24
5,4,9,2,26
6,4,10,2,27
7,4,11,2,29
8,4,12,3,30
9,4,166,161,208
10,4,12,3,31
11,4,12,3,30
12,4,249,244,255
13,4,11,2,29
14,4,10,2,27
15,4,9,2,26
16,4,8,1,24
17,4,134,133,174
18,4,5,0,20
19,4,5,0,20
20,4,5,0,20
21,4,5,0,20
22,4,5,0,20
23,4,5,0,20
24,4,5,0,20
25,4,5,0,20
26,4,5,0,20
27,4,5,0,20
28,4,5,0,20
29,4,5,0,20
30,4,5,0,20
31,4,5,0,20
32,4,90,90,130
33,4,90,90,130
34,4,5,0,20
35,4,5,0,20
36,4,5,0,20
37,4,5,0,20
38,4,5,0,20
39,4,5,0,20
40,4,5,0,20
41,4,5,0,20
42,4,5,0,20
43,4,5,0,20
44,4,5,0,20
45,4,5,0,20
46,4,5,0,20
47,4,5,0,20
48,4,5,0,20
49,4,5,0,20
50,4,5,0,20
51,4,5,0,20
52,4,5,0,20
53,4,5,0,20
54,4,5,0,20
55,4,5,0,20
56,4,5,0,20
57,4,5,0,20
58,4,5,0,20
59,4,5,0,20
60,4,5,0,20
61,4,5,0,20
62,4,5,0,20
63,4,5,0,20
0,5,5,0,20
1,5,5,0,20
2,5,6,1,22
3,5,8,1,24
4,5,9,2,26
5,5,10,2,28
6,5,11,2,29
7,5,12,3,31
8,5,13,3,31
9,5,166,159,208
10,5,14,3,32
11,5,14,3,32
12,5,13,3,31
13,5,245,240,255
14,5,11,2,29
15,5,10,2,28
16,5,9,2,26
17,5,135,132,175
18,5,6,1,22
19,5,5,0,20
20,5,5,0,20
21,5,5,0,20
22,5,5,0,20
23,5,5,0,20
24,5,5,0,20
25,5,5,0,20
26,5,5,0,20
27,5,5,0,20
28,5,5,0,20
29,5,5,0,20
30,5,5,0,20
31,5,5,0,20
32,5,5,0,20
33,5,5,0,20
34,5,5,0,20
35,5,5,0,20
36,5,5,0,20
37,5,5,0,20
38,5,5,0,20
39,5,5,0,20
40,5,5,0,20
41,5,5,0,20
42,5,5,0,20
43,5,5,0,20
44,5,5,0,20
45,5,5,0,20
46,5,5,0,20
47,5,133,133,173
48,5,5,0,20
49,5,5,0,20
50,5,5,0,20
51,5,5,0,20
52,5,5,0,20
53,5,5,0,20
54,5,5,0,20
55,5,242,242,196
56,5,5,0,20
57,5,5,0,20
58,5,5,0,20
59,5,5,0,20
60,5,5,0,20
61,5,5,0,20
62,5,5,0,20
63,5,217,217,255
0,6,5,0,20
1,6,181,180,222
2,6,7,1,23
3,6,8,1,25
4,6,10,2,27
5,6,11,2,29
6,6,12,3,31
7,6,14,3,32
8,6,15,4,34
9,6,122,114,164
10,6,16,4,35
11,6,16,4,35
12,6,15,4,34
13,6,245,238,255
14,6,12,3,31
15,6,11,2,29
16,6,10,2,27
17,6,8,1,25
18,6,7,1,23
19,6,5,0,21
20,6,143,143,183
21,6,5,0,20
22,6,5,0,20
23,6,5,0,20
24,6,5,0,20
25,6,5,0,20
26,6,5,0,20
27,6,5,0,20
28,6,5,0,20
29,6,5,0,20
30,6,140,140,180
31,6,5,0,20
32,6,5,0,20
33,6,5,0,20
34,6,5,0,20
35,6,5,0,20
36,6,5,0,20
37,6,5,0,20
38,6,5,0,20
39,6,5,0,20
40,6,5,0,20
41,6,5,0,20
42,6,228,228,255
43,6,228,228,255
44,6,5,0,20
45,6,5,0,20
46,6,5,0,20
47,6,5,0,20
48,6,5,0,20
49,6,5,0,20
50,6,126,126,166
51,6,5,0,20
52,6,5,0,20
53,6,5,0,20
54,6,230,230,182
55,6,119,119,159
56,6,5,0,20
57,6,5,0,20
58,6,5,0,20
59,6,5,0,20
60,6,5,0,20
61,6,5,0,20
62,6,5,0,20
63,6,5,0,20
0,7,5,0,20
1,7,5,0,21
2,7,7,1,23
3,7,9,2,26
4,7,10,2,28
5,7,12,3,30
6,7,13,3,31
7,7,15,4,34
8,7,17,4,36
9,7,17,4,37
10,7,18,5,38
11,7,17,4,37
12,7,17,4,36
13,7,15,4,34
14,7,13,3,31
15,7,12,3,30
16,7,10,2,28
17,7,9,2,26
18,7,7,1,23
19,7,5,0,21
20,7,5,0,20
21,7,5,0,20
22,7,5,0,20
23,7,5,0,20
24,7,5,0,20
25,7,5,0,20
26,7,5,0,20
27,7,5,0,20
28,7,5,0,20
29,7,5,0,20
30,7,140,140,180
31,7,5,0,20
32,7,5,0,20
33,7,5,0,20
34,7,87,87,127
35,7,5,0,20
36,7,5,0,20
37,7,5,0,20
38,7,5,0,20
39,7,5,0,20
40,7,5,0,20
41,7,5,0,20
42,7,5,0,20
43,7,5,0,20
44,7,5,0,20
45,7,5,0,20
46,7,5,0,20
47,7,5,0,20
48,7,5,0,20
49,7,5,0,20
50,7,5,0,20
51,7,5,0,20
52,7,5,0,20
53,7,230,230,182
54,7,5,0,20
55,7,5,0,20
56,7,5,0,20
57,7,5,0,20
58,7,5,0,20
59,7,5,0,20
60,7,5,0,20
61,7,5,0,20
62,7,5,0,20
63,7,5,0,20
0,8,5,0,20
1,8,5,0,21
2,8,8,1,24
3,8,9,2,26
4,8,160,156,201
5,8,12,3,31
6,8,14,3,32
7,8,176,169,218
8,8,17,4,36
9,8,19,5,39
10,8,20,5,41
11,8,19,5,39
12,8,17,4,36
13,8,15,4,34
14,8,14,3,32
15,8,12,3,31
16,8,10,2,28
17,8,9,2,26
18,8,8,1,24
19,8,5,0,21
20,8,5,0,20
21,8,5,0,20
22,8,5,0,20
23,8,5,0,20
24,8,5,0,20
25,8,5,0,20
26,8,5,0,20
27,8,5,0,20
28,8,5,0,20
29,8,5,0,20
30,8,5,0,20
31,8,5,0,20
32,8,5,0,20
33,8,5,0,20
34,8,5,0,20
35,8,5,0,20
36,8,5,0,20
37,8,5,0,20
38,8,5,0,20
39,8,5,0,20
40,8,5,0,20
41,8,5,0,20
42,8,5,0,20
43,8,5,0,20
44,8,5,0,20
45,8,5,0,20
46,8,5,0,20
47,8,217,217,255
48,8,5,0,20
49,8,5,0,20
50,8,5,0,20
51,8,5,0,20
52,8,230,230,182
53,8,5,0,20
54,8,5,0,20
55,8,5,0,20
56,8,5,0,20
57,8,5,0,20
58,8,5,0,20
59,8,5,0,20
60,8,5,0,20
61,8,5,0,20
62,8,5,0,20
63,8,5,0,20
0,9,5,0,20
1,9,5,0,21
2,9,7,1,23
3,9,65,62,106
4,9,10,2,28
5,9,12,3,30
6,9,13,3,31
7,9,15,4,34
8,9,17,4,36
9,9,17,4,37
10,9,18,5,38
11,9,17,4,37
12,9,17,4,36
13,9,15,4,34
14,9,13,3,31
15,9,121,116,163
16,9,10,2,28
17,9,9,2,26
18,9,7,1,23
19,9,5,0,21
20,9,5,0,20
21,9,4,0,20
22,9,84,85,126
23,9,4,1,21
24,9,5,1,22
25,9,5,1,22
26,9,5,1,22
27,9,4,1,21
28,9,4,1,21
29,9,4,0,20
30,9,5,0,20
31,9,5,0,20
32,9,172,132,201
33,9,5,0,20
34,9,5,0,20
35,9,203,203,243
36,9,5,0,20
37,9,5,0,20
38,9,5,0,20
39,9,186,186,226
40,9,186,186,226
41,9,155,153,161
42,9,5,0,20
43,9,5,0,20
44,9,155,153,161
45,9,5,0,20
46,9,5,0,20
47,9,217,217,255
48,9,5,0,20
49,9,5,0,20
50,9,5,0,20
51,9,230,230,182
52,9,5,0,20
53,9,5,0,20
54,9,5,0,20
55,9,5,0,20
56,9,5,0,20
57,9,5,0,20
58,9,5,0,20
59,9,5,0,20
60,9,5,0,20
61,9,5,0,20
62,9,5,0,20
63,9,191,191,231
0,10,5,0,20
1,10,5,0,21
2,10,7,1,23
3,10,8,1,25
4,10,164,160,205
5,10,61,56,103
6,10,12,3,31
7,10,64,57,106
8,10,65,58,107
9,10,16,4,35
10,10,79,71,121
11,10,16,4,35
12,10,15,4,34
13,10,14,3,32
14,10,145,140,187
15,10,11,2,29
16,10,10,2,27
17,10,185,182,226
18,10,7,1,23
19,10,4,0,21
20,10,4,1,21
21,10,5,1,22
22,10,5,2,23
23,10,5,2,24
24,10,5,3,25
25,10,5,3,25
26,10,5,3,25
27,10,147,107,180
28,10,5,2,23
29,10,5,1,22
30,10,4,1,21
31,10,4,0,20
32,10,5,0,20
33,10,5,0,20
34,10,5,0,20
35,10,5,0,20
36,10,212,212,252
37,10,5,0,20
38,10,125,84,152
39,10,5,0,20
40,10,5,0,20
41,10,202,202,242
42,10,5,0,20
43,10,123,82,150
44,10,5,0,20
45,10,5,0,20
46,10,5,0,20
47,10,5,0,20
48,10,5,0,20
49,10,158,158,198
50,10,5,0,20
51,10,5,0,20
52,10,5,0,20
53,10,5,0,20
54,10,5,0,20
55,10,5,0,20
56,10,5,0,20
57,10,5,0,20
58,10,5,0,20
59,10,5,0,20
60,10,5,0,20
61,10,93,93,133
62,10,5,0,20
63,10,5,0,20
0,11,5,0,20
1,11,5,0,20
2,11,219,218,255
3,11,8,1,24
4,11,9,2,26
5,11,10,2,28
6,11,11,2,29
7,11,12,3,31
8,11,13,3,31
9,11,14,3,32
10,11,78,71,119
11,11,14,3,32
12,11,13,3,31
13,11,12,3,31
14,11,145,140,186
15,11,10,2,28
16,11,9,2,26
17,11,8,1,24
18,11,5,0,22
19,11,5,1,22
20,11,153,154,197
21,11,5,3,25
22,11,171,131,204
23,11,6,4,27
24,11,6,4,27
25,11,155,154,164
26,11,6,4,27
27,11,155,154,163
28,11,6,3,26
29,11,5,3,25
30,11,5,2,24
31,11,5,1,22
32,11,4,0,20
33,11,155,153,161
34,11,5,0,20
35,11,143,102,170
36,11,212,212,252
37,11,5,0,20
38,11,5,0,20
39,11,239,239,255
40,11,5,0,20
41,11,5,0,20
42,11,143,143,183
43,11,5,0,20
44,11,5,0,20
45,11,5,0,20
46,11,5,0,20
47,11,5,0,20
48,11,5,0,20
49,11,5,0,20
50,11,5,0,20
51,11,5,0,20
52,11,5,0,20
53,11,5,0,20
54,11,5,0,20
55,11,5,0,20
56,11,5,0,20
57,11,5,0,20
58,11,5,0,20
59,11,5,0,20
60,11,5,0,20
61,11,163,163,203
62,11,5,0,20
63,11,5,0,20
0,12,5,0,20
1,12,5,0,20
2,12,187,186,227
3,12,6,1,22
4,12,8,1,24
5,12,9,2,26
6,12,10,2,27
7,12,11,2,29
8,12,12,3,30
9,12,12,3,30
10,12,12,3,31
11,12,12,3,30
12,12,119,114,160
13,12,11,2,29
14,12,10,2,27
15,12,9,2,26
16,12,8,1,24
17,12,5,0,22
18,12,131,90,158
19,12,5,2,24
20,12,155,154,163
21,12,6,4,27
22,12,6,5,29
23,12,7,5,30
24,12,122,124,168
25,12,7,6,31
26,12,176,136,202
27,12,7,5,30
28,12,6,5,29
29,12,6,4,27
30,12,144,103,172
31,12,5,2,24
32,12,5,1,22
33,12,4,0,20
34,12,5,0,20
35,12,5,0,20
36,12,5,0,20
37,12,5,0,20
38,12,155,153,161
39,12,141,100,168
40,12,5,0,20
41,12,5,0,20
42,12,5,0,20
43,12,5,0,20
44,12,5,0,20
45,12,5,0,20
46,12,5,0,20
47,12,5,0,20
48,12,170,130,196
49,12,179,179,219
50,12,98,98,138
51,12,5,0,20
52,12,5,0,20
53,12,5,0,20
54,12,5,0,20
55,12,5,0,20
56,12,5,0,20
57,12,5,0,20
58,12,5,0,20
59,12,5,0,20
60,12,5,0,20
61,12,5,0,20
62,12,196,196,236
63,12,196,196,236
0,13,87,87,127
1,13,5,0,20
2,13,5,0,20
3,13,5,0,20
4,13,6,1,22
5,13,8,1,24
6,13,8,1,25
7,13,9,2,26
8,13,10,2,27
9,13,10,2,27
10,13,10,2,28
11,13,10,2,27
12,13,10,2,27
13,13,9,2,26
14,13,8,1,25
15,13,8,1,24
16,13,5,0,22
17,13,5,1,22
18,13,5,2,24
19,13,175,176,219
20,13,6,4,28
21,13,6,5,29
22,13,147,107,176
23,13,7,6,31
24,13,7,7,32
25,13,7,7,32
26,13,7,7,32
27,13,7,6,31
28,13,7,6,31
29,13,6,5,29
30,13,155,154,164
31,13,6,3,26
32,13,159,118,186
33,13,98,98,140
34,13,98,98,139
35,13,155,153,161
36,13,158,117,185
37,13,5,0,20
38,13,5,0,20
39,13,5,0,20
40,13,5,0,20
41,13,5,0,20
42,13,5,0,20
43,13,5,0,20
44,13,139,98,166
45,13,5,0,20
46,13,155,153,161
47,13,5,0,20
48,13,5,0,20
49,13,179,179,219
50,13,5,0,20
51,13,5,0,20
52,13,5,0,20
53,13,5,0,20
54,13,5,0,20
55,13,5,0,20
56,13,5,0,20
57,13,5,0,20
58,13,5,0,20
59,13,5,0,20
60,13,5,0,20
61,13,5,0,20
62,13,5,0,20
63,13,5,0,20
0,14,5,0,20
1,14,5,0,20
2,14,5,0,20
3,14,5,0,20
4,14,5,0,20
5,14,5,0,21
6,14,6,1,22
7,14,7,1,23
8,14,8,1,24
9,14,8,1,25
10,14,8,1,25
11,14,62,59,103
12,14,220,218,236
13,14,220,219,236
14,14,133,92,160
15,14,217,216,255
16,14,4,1,21
17,14,5,2,23
18,14,5,3,25
19,14,6,4,27
20,14,155,155,164
21,14,7,6,31
22,14,7,7,32
23,14,8,8,34
24,14,8,8,35
25,14,8,8,35
26,14,8,8,35
27,14,8,8,34
28,14,161,121,190
29,14,7,6,31
30,14,6,5,29
31,14,6,4,27
32,14,5,3,25
33,14,122,123,164
34,14,86,87,128
35,14,155,153,161
36,14,5,0,20
37,14,5,0,20
38,14,5,0,20
39,14,5,0,20
40,14,156,115,183
41,14,155,153,161
42,14,5,0,20
43,14,247,247,255
44,14,5,0,20
45,14,5,0,20
46,14,5,0,20
47,14,5,0,20
48,14,138,97,165
49,14,5,0,20
50,14,5,0,20
51,14,5,0,20
52,14,5,0,20
53,14,5,0,20
54,14,5,0,20
55,14,5,0,20
56,14,5,0,20
57,14,5,0,20
58,14,5,0,20
59,14,5,0,20
60,14,5,0,20
61,14,5,0,20
62,14,5,0,20
63,14,5,0,20
0,15,142,142,182
1,15,5,0,20
2,15,5,0,20
3,15,5,0,20
4,15,208,208,248
5,15,208,208,248
6,15,5,0,20
7,15,5,0,21
8,15,5,0,21
9,15,6,1,22
10,15,6,1,22
11,15,6,1,22
12,15,190,189,231
13,15,5,0,21
14,15,208,207,248
15,15,5,0,20
16,15,4,1,21
17,15,155,153,162
18,15,148,107,176
19,15,6,4,28
20,15,7,5,30
21,15,7,6,31
22,15,8,8,34
23,15,8,8,36
24,15,8,9,37
25,15,163,123,193
26,15,8,9,37
27,15,120,124,171
28,15,8,8,34
29,15,7,6,31
30,15,7,5,30
31,15,6,4,28
32,15,6,3,26
33,15,5,2,23
34,15,174,134,202
35,15,5,0,20
36,15,5,0,20
37,15,5,0,20
38,15,5,0,20
39,15,5,0,20
40,15,5,0,20
41,15,5,0,20
42,15,5,0,20
43,15,247,247,255
44,15,155,114,182
45,15,247,247,255
46,15,155,153,161
47,15,5,0,20
48,15,5,0,20
49,15,5,0,20
50,15,5,0,20
51,15,238,238,255
52,15,5,0,20
53,15,5,0,20
54,15,5,0,20
55,15,5,0,20
56,15,190,190,230
57,15,5,0,20
58,15,5,0,20
59,15,186,186,226
60,15,5,0,20
61,15,5,0,20
62,15,5,0,20
63,15,5,0,20
0,16,5,0,20
1,16,5,0,20
2,16,5,0,20
3,16,5,0,20
4,16,5,0,20
5,16,123,123,163
6,16,5,0,20
7,16,5,0,20
8,16,5,0,20
9,16,5,0,20
10,16,5,0,20
11,16,135,94,162
12,16,5,0,20
13,16,5,0,20
14,16,5,0,20
15,16,5,0,20
16,16,4,1,21
17,16,5,2,24
18,16,6,3,26
19,16,6,4,28
20,16,58,61,105
21,16,57,61,106
22,16,164,124,193
23,16,154,158,205
24,16,9,10,39
25,16,9,11,41
26,16,9,10,39
27,16,8,8,36
28,16,178,138,207
29,16,7,7,32
30,16,176,136,205
31,16,6,4,28
32,16,6,3,26
33,16,5,2,24
34,16,73,74,115
35,16,5,0,20
36,16,5,0,20
37,16,173,132,200
38,16,5,0,20
39,16,5,0,20
40,16,171,130,198
41,16,182,182,198
42,16,74,74,114
43,16,152,152,192
44,16,5,0,20
45,16,5,0,20
46,16,5,0,20
47,16,153,112,180
48,16,155,153,161
49,16,5,0,20
50,16,5,0,20
51,16,136,95,163
52,16,5,0,20
53,16,5,0,20
54,16,89,89,129
55,16,89,89,129
56,16,5,0,20
57,16,5,0,20
58,16,5,0,20
59,16,5,0,20
60,16,5,0,20
61,16,5,0,20
62,16,5,0,20
63,16,5,0,20
0,17,5,0,20
1,17,5,0,20
2,17,5,0,20
3,17,5,0,20
4,17,5,0,20
5,17,5,0,20
6,17,5,0,20
7,17,206,206,246
8,17,5,0,20
9,17,5,0,20
10,17,5,0,20
11,17,5,0,20
12,17,5,0,20
13,17,5,0,20
14,17,5,0,20
15,17,150,109,177
16,17,4,1,21
17,17,5,2,23
18,17,6,3,26
19,17,166,125,194
20,17,176,177,194
21,17,58,61,106
22,17,8,8,34
23,17,156,156,167
24,17,8,9,37
25,17,222,182,253
26,17,8,9,37
27,17,8,8,36
28,17,8,8,34
29,17,7,6,31
30,17,7,5,30
31,17,197,198,215
32,17,227,187,244
33,17,5,2,23
34,17,190,150,208
35,17,5,0,20
36,17,155,153,161
37,17,5,0,20
38,17,6,1,20
39,17,6,1,20
40,17,6,1,20
41,17,212,211,227
42,17,6,1,20
43,17,171,130,198
44,17,5,0,20
45,17,5,0,20
46,17,5,0,20
47,17,5,0,20
48,17,5,0,20
49,17,5,0,20
50,17,5,0,20
51,17,155,153,161
52,17,5,0,20
53,17,5,0,20
54,17,5,0,20
55,17,5,0,20
56,17,120,120,160
57,17,5,0,20
58,17,5,0,20
59,17,5,0,20
60,17,5,0,20
61,17,5,0,20
62,17,5,0,20
63,17,5,0,20
0,18,5,0,20
1,18,5,0,20
2,18,5,0,20
3,18,5,0,20
4,18,5,0,20
5,18,5,0,20
6,18,123,123,163
7,18,5,0,20
8,18,123,123,163
9,18,5,0,20
10,18,62,62,102
11,18,5,0,20
12,18,5,0,20
13,18,155,153,161
14,18,61,61,101
15,18,5,0,20
16,18,116,117,157
17,18,5,2,23
18,18,5,3,25
19,18,6,4,27
20,18,6,5,29
21,18,55,58,102
22,18,7,7,32
23,18,223,184,255
24,18,8,8,35
25,18,156,156,167
26,18,8,8,35
27,18,8,8,34
28,18,195,155,210
29,18,7,6,31
30,18,231,214,237
31,18,6,4,27
32,18,238,240,255
33,18,240,241,255
34,18,4,0,21
35,18,155,153,161
36,18,155,153,161
37,18,189,148,208
38,18,8,1,22
39,18,187,146,208
40,18,9,2,22
41,18,9,2,22
42,18,8,1,22
43,18,8,1,22
44,18,7,1,21
45,18,169,128,196
46,18,5,0,20
47,18,5,0,20
48,18,5,0,20
49,18,5,0,20
50,18,151,110,178
51,18,70,70,110
52,18,5,0,20
53,18,5,0,20
54,18,135,94,162
55,18,5,0,20
56,18,5,0,20
57,18,5,0,20
58,18,5,0,20
59,18,5,0,20
60,18,5,0,20
61,18,58,58,98
62,18,5,0,20
63,18,5,0,20
0,19,5,0,20
1,19,5,0,20
2,19,5,0,20
3,19,5,0,20
4,19,5,0,20
5,19,5,0,20
6,19,5,0,20
7,19,5,0,20
8,19,69,69,109
9,19,136,95,163
10,19,5,0,20
11,19,5,0,20
12,19,5,0,20
13,19,184,144,217
14,19,5,0,20
15,19,5,0,20
16,19,4,0,20
17,19,212,172,241
18,19,155,153,162
19,19,6,3,26
20,19,6,4,28
21,19,183,143,209
22,19,7,6,31
23,19,7,6,31
24,19,7,7,32
25,19,7,7,32
26,19,226,186,237
27,19,7,6,31
28,19,155,155,165
29,19,6,5,29
30,19,6,4,28
31,19,6,3,26
32,19,5,2,24
33,19,205,166,208
34,19,235,196,236
35,19,8,1,22
36,19,9,2,22
37,19,226,222,253
38,19,11,2,23
39,19,11,2,23
40,19,11,2,23
41,19,228,211,236
42,19,11,2,23
43,19,10,2,23
44,19,156,153,161
45,19,8,1,22
46,19,7,1,21
47,19,5,0,20
48,19,5,0,20
49,19,5,0,20
50,19,5,0,20
51,19,5,0,20
52,19,5,0,20
53,19,5,0,20
54,19,5,0,20
55,19,5,0,20
56,19,5,0,20
57,19,5,0,20
58,19,5,0,20
59,19,5,0,20
60,19,5,0,20
61,19,5,0,20
62,19,5,0,20
63,19,5,0,20
0,20,5,0,20
1,20,5,0,20
2,20,5,0,20
3,20,5,0,20
4,20,58,58,98
5,20,5,0,20
6,20,155,153,161
7,20,5,0,20
8,20,113,113,153
9,20,5,0,20
10,20,155,153,161
11,20,155,153,161
12,20,5,0,20
13,20,155,153,161
14,20,5,0,20
15,20,5,0,20
16,20,5,0,20
17,20,231,231,255
18,20,5,1,22
19,20,155,153,162
20,20,6,3,26
21,20,6,4,27
22,20,6,5,29
23,20,7,5,30
24,20,198,158,210
25,20,7,6,31
26,20,7,5,30
27,20,7,5,30
28,20,205,172,209
29,20,6,4,27
30,20,235,201,237
31,20,205,168,208
32,20,5,0,22
33,20,155,153,161
34,20,8,1,22
35,20,10,2,23
36,20,205,163,208
37,20,12,3,24
38,20,204,162,209
39,20,158,154,163
40,20,234,231,248
41,20,13,3,25
42,20,13,3,25
43,20,185,143,208
44,20,11,2,23
45,20,10,2,23
46,20,8,1,22
47,20,125,123,164
48,20,202,162,234
49,20,181,181,221
50,20,5,0,20
51,20,5,0,20
52,20,150,109,177
53,20,5,0,20
54,20,5,0,20
55,20,5,0,20
56,20,133,92,160
57,20,236,236,252
58,20,5,0,20
59,20,5,0,20
60,20,234,234,255
61,20,5,0,20
62,20,5,0,20
63,20,252,252,255
0,21,5,0,20
1,21,5,0,20
2,21,5,0,20
3,21,5,0,20
4,21,5,0,20
5,21,5,0,20
6,21,5,0,20
7,21,5,0,20
8,21,5,0,20
9,21,5,0,20
10,21,5,0,20
11,21,5,0,20
12,21,153,112,180
13,21,5,0,20
14,21,5,0,20
15,21,5,0,20
16,21,169,128,196
17,21,5,0,20
18,21,4,0,20
19,21,5,1,22
20,21,184,143,208
21,21,5,3,25
22,21,6,3,26
23,21,199,158,209
24,21,155,154,163
25,21,6,4,28
26,21,6,4,27
27,21,205,173,209
28,21,6,3,26
29,21,230,107,10
30,21,230,122,17
31,21,242,144,38
32,21,250,153,44
33,21,250,150,42
34,21,250,140,36
35,21,250,125,29
36,21,13,3,25
37,21,14,3,25
38,21,200,192,234
39,21,16,4,27
40,21,203,160,209
41,21,201,158,209
42,21,15,3,26
43,21,14,3,25
44,21,13,3,25
45,21,184,142,208
46,21,10,2,23
47,21,8,1,22
48,21,6,1,20
49,21,166,125,193
50,21,5,0,20
51,21,5,0,20
52,21,5,0,20
53,21,5,0,20
54,21,5,0,20
55,21,5,0,20
56,21,5,0,20
57,21,5,0,20
58,21,5,0,20
59,21,5,0,20
60,21,5,0,20
61,21,5,0,20
62,21,5,0,20
63,21,5,0,20
0,22,5,0,20
1,22,182,182,222
2,22,5,0,20
3,22,5,0,20
4,22,5,0,20
5,22,5,0,20
6,22,5,0,20
7,22,5,0,20
8,22,183,143,212
9,22,66,66,106
10,22,5,0,20
11,22,5,0,20
12,22,5,0,20
13,22,5,0,20
14,22,5,0,20
15,22,171,130,198
16,22,5,0,20
17,22,155,153,161
18,22,5,0,20
19,22,185,145,208
20,22,4,1,21
21,22,155,153,161
22,22,155,153,162
23,22,245,229,247
24,22,5,3,25
25,22,155,154,163
26,22,205,176,209
27,22,250,112,23
28,22,251,141,36
29,22,254,167,51
30,22,255,186,60
31,22,255,199,67
32,22,230,180,47
33,22,230,175,44
34,22,231,161,37
35,22,245,158,42
36,22,250,138,35
37,22,251,112,23
38,22,17,4,26
39,22,18,4,27
40,22,160,154,163
41,22,18,4,27
42,22,200,157,209
43,22,247,243,253
44,22,14,3,25
45,22,157,154,162
46,22,11,2,23
47,22,156,153,161
48,22,7,1,21
49,22,5,0,20
50,22,5,0,20
51,22,5,0,20
52,22,155,153,161
53,22,148,107,175
54,22,155,153,161
55,22,5,0,20
56,22,5,0,20
57,22,5,0,20
58,22,5,0,20
59,22,5,0,20
60,22,5,0,20
61,22,5,0,20
62,22,5,0,20
63,22,98,98,138
0,23,5,0,20
1,23,5,0,20
2,23,5,0,20
3,23,5,0,20
4,23,122,81,149
5,23,5,0,20
6,23,5,0,20
7,23,5,0,20
8,23,5,0,20
9,23,5,0,20
10,23,155,153,161
11,23,174,174,214
12,23,155,114,182
13,23,5,0,20
14,23,5,0,20
15,23,5,0,20
16,23,5,0,20
17,23,5,0,20
18,23,5,0,20
19,23,5,0,20
20,23,5,0,20
21,23,64,64,105
22,23,4,1,21
23,23,202,162,208
24,23,5,1,22
25,23,117,117,159
26,23,227,201,236
27,23,230,113,13
28,23,230,142,27
29,23,230,170,42
30,23,255,219,77
31,23,245,231,78
32,23,255,249,93
33,23,255,241,87
34,23,255,219,77
35,23,250,189,61
36,23,231,142,27
37,23,252,134,34
38,23,237,205,244
39,23,208,174,209
40,23,21,5,29
41,23,20,5,28
42,23,19,5,27
43,23,17,4,26
44,23,15,3,26
45,23,13,3,25
46,23,182,140,208
47,23,9,2,22
48,23,8,1,22
49,23,155,153,161
50,23,164,123,191
51,23,5,0,20
52,23,5,0,20
53,23,5,0,20
54,23,5,0,20
55,23,5,0,20
56,23,5,0,20
57,23,5,0,20
58,23,131,90,158
59,23,147,147,187
60,23,147,147,187
61,23,5,0,20
62,23,131,131,171
63,23,5,0,20
0,24,5,0,20
1,24,5,0,20
2,24,222,222,255
3,24,155,153,161
4,24,5,0,20
5,24,5,0,20
6,24,5,0,20
7,24,5,0,20
8,24,139,98,166
9,24,5,0,20
10,24,106,106,146
11,24,5,0,20
12,24,5,0,20
13,24,5,0,20
14,24,5,0,20
15,24,5,0,20
16,24,171,130,198
17,24,5,0,20
18,24,5,0,20
19,24,187,146,208
20,24,5,0,20
21,24,5,0,20
22,24,5,0,20
23,24,204,163,208
24,24,5,0,20
25,24,5,0,20
26,24,205,179,208
27,24,255,143,39
28,24,245,165,46
29,24,251,201,67
30,24,255,234,85
31,24,255,255,100
32,24,255,255,115
33,24,255,255,100
34,24,245,225,76
35,24,253,202,69
36,24,251,168,51
37,24,246,135,34
38,24,219,215,232
39,24,208,172,209
40,24,23,6,30
41,24,161,155,164
42,24,19,5,27
43,24,198,155,209
44,24,15,3,26
45,24,14,3,25
46,24,12,3,24
47,24,180,138,206
48,24,8,1,22
49,24,6,1,20
50,24,5,0,20
51,24,5,0,20
52,24,5,0,20
53,24,5,0,20
54,24,147,106,174
55,24,155,153,161
56,24,5,0,20
57,24,5,0,20
58,24,5,0,20
59,24,5,0,20
60,24,5,0,20
61,24,5,0,20
62,24,5,0,20
63,24,5,0,20
0,25,202,202,242
1,25,5,0,20
2,25,5,0,20
3,25,86,86,126
4,25,5,0,20
5,25,5,0,20
6,25,155,153,161
7,25,5,0,20
8,25,132,132,172
9,25,5,0,20
10,25,5,0,20
11,25,5,0,20
12,25,156,115,183
13,25,5,0,20
14,25,5,0,20
15,25,5,0,20
16,25,5,0,20
17,25,5,0,20
18,25,5,0,20
19,25,5,0,20
20,25,189,148,208
21,25,90,90,130
22,25,155,153,161
23,25,205,165,208
24,25,5,0,20
25,25,5,0,20
26,25,5,0,20
27,25,250,131,32
28,25,253,164,48
29,25,245,185,56
30,25,251,216,74
31,25,250,236,86
32,25,252,246,91
33,25,255,241,87
34,25,245,210,68
35,25,251,191,62
36,25,254,164,49
37,25,251,134,33
38,25,19,5,27
39,25,20,5,28
40,25,208,171,209
41,25,20,5,28
42,25,19,5,27
43,25,197,154,209
44,25,15,3,26
45,25,13,3,25
46,25,11,2,23
47,25,192,189,229
48,25,8,1,22
49,25,6,1,20
50,25,163,122,190
51,25,4,1,20
52,25,79,80,120
53,25,5,2,21
54,25,5,2,21
55,25,5,2,21
56,25,5,2,21
57,25,5,2,21
58,25,4,1,20
59,25,246,247,255
60,25,96,96,136
61,25,5,0,20
62,25,221,221,255
63,25,221,221,255
0,26,5,0,20
1,26,5,0,20
2,26,89,89,129
3,26,5,0,20
4,26,5,0,20
5,26,123,82,150
6,26,5,0,20
7,26,5,0,20
8,26,5,0,20
9,26,5,0,20
10,26,5,0,20
11,26,5,0,20
12,26,5,0,20
13,26,5,0,20
14,26,155,153,161
15,26,5,0,20
16,26,203,163,228
17,26,5,0,20
18,26,155,153,161
19,26,5,0,20
20,26,191,150,208
21,26,5,0,20
22,26,5,0,20
23,26,155,153,161
24,26,205,166,208
25,26,5,0,20
26,26,5,0,20
27,26,230,95,4
28,26,230,120,16
29,26,250,161,47
30,26,250,179,56
31,26,254,197,66
32,26,250,199,66
33,26,230,175,44
34,26,231,161,37
35,26,250,161,47
36,26,250,138,35
37,26,248,112,23
38,26,17,4,26
39,26,207,168,209
40,26,18,4,27
41,26,160,154,163
42,26,17,4,26
43,26,196,153,209
44,26,213,210,227
45,26,149,144,185
46,26,157,153,162
47,26,178,137,205
48,26,155,153,161
49,26,4,1,20
50,26,155,153,161
51,26,5,2,22
52,26,5,3,23
53,26,5,3,23
54,26,6,4,24
55,26,154,156,197
56,26,6,4,24
57,26,5,3,23
58,26,130,89,157
59,26,5,2,22
60,26,5,2,21
61,26,4,1,20
62,26,5,0,20
63,26,5,0,20
0,27,5,0,20
1,27,5,0,20
2,27,5,0,20
3,27,5,0,20
4,27,5,0,20
5,27,5,0,20
6,27,5,0,20
7,27,5,0,20
8,27,5,0,20
9,27,175,135,207
10,27,5,0,20
11,27,135,135,175
12,27,5,0,20
13,27,158,117,185
14,27,5,0,20
15,27,5,0,20
16,27,5,0,20
17,27,5,0,20
18,27,155,153,161
19,27,155,153,161
20,27,5,0,20
21,27,5,0,20
22,27,204,164,225
23,27,5,0,20
24,27,5,0,20
25,27,5,0,20
26,27,205,168,208
27,27,205,170,208
28,27,205,171,208
29,27,230,107,10
30,27,230,122,17
31,27,230,132,23
32,27,250,152,44
33,27,230,132,23
34,27,250,140,36
35,27,250,125,29
36,27,13,3,25
37,27,14,3,25
38,27,207,165,209
39,27,207,166,209
40,27,16,4,27
41,27,16,4,27
42,27,194,151,209
43,27,14,3,25
44,27,13,3,25
45,27,11,2,23
46,27,211,170,242
47,27,8,1,22
48,27,5,1,20
49,27,5,2,22
50,27,201,162,234
51,27,6,4,24
52,27,6,5,25
53,27,6,5,26
54,27,146,106,174
55,27,6,5,26
56,27,6,5,26
57,27,6,5,26
58,27,6,5,25
59,27,6,4,24
60,27,88,90,130
61,27,5,2,22
62,27,4,1,20
63,27,5,0,20
0,28,5,0,20
1,28,5,0,20
2,28,5,0,20
3,28,5,0,20
4,28,5,0,20
5,28,5,0,20
6,28,125,84,152
7,28,5,0,20
8,28,5,0,20
9,28,5,0,20
10,28,5,0,20
11,28,98,98,138
12,28,5,0,20
13,28,5,0,20
14,28,5,0,20
15,28,163,163,203
16,28,163,163,203
17,28,5,0,20
18,28,175,134,202
19,28,5,0,20
20,28,5,0,20
21,28,250,250,255
22,28,5,0,20
23,28,194,153,208
24,28,155,153,161
25,28,5,0,20
26,28,155,153,161
27,28,5,0,20
28,28,155,153,161
29,28,155,153,161
30,28,235,204,236
31,28,205,174,208
32,28,5,0,20
33,28,155,153,161
34,28,8,1,22
35,28,10,2,23
36,28,11,2,23
37,28,205,163,208
38,28,158,154,163
39,28,13,3,25
40,28,14,3,25
41,28,192,150,209
42,28,13,3,25
43,28,115,110,151
44,28,254,249,252
45,28,10,2,23
46,28,8,1,22
47,28,6,1,21
48,28,5,2,22
49,28,5,3,23
50,28,209,212,252
51,28,6,5,26
52,28,7,6,27
53,28,7,7,28
54,28,7,7,28
55,28,155,156,164
56,28,7,7,28
57,28,140,144,185
58,28,7,6,27
59,28,6,5,26
60,28,6,5,25
61,28,5,3,23
62,28,5,2,22
63,28,4,1,20
0,29,5,0,20
1,29,5,0,20
2,29,5,0,20
3,29,5,0,20
4,29,5,0,20
5,29,5,0,20
6,29,5,0,20
7,29,5,0,20
8,29,5,0,20
9,29,5,0,20
10,29,5,0,20
11,29,143,102,170
12,29,5,0,20
13,29,5,0,20
14,29,5,0,20
15,29,173,133,205
16,29,5,0,20
17,29,5,0,20
18,29,5,0,20
19,29,58,58,98
20,29,176,135,203
21,29,5,0,20
22,29,155,153,161
23,29,5,0,20
24,29,5,0,20
25,29,195,154,208
26,29,5,0,20
27,29,223,183,240
28,29,5,0,20
29,29,5,0,20
30,29,155,153,161
31,29,5,0,20
32,29,5,0,20
33,29,155,153,161
34,29,201,160,208
35,29,203,162,208
36,29,9,2,22
37,29,10,2,23
38,29,11,2,23
39,29,11,2,23
40,29,11,2,23
41,29,157,153,162
42,29,11,2,23
43,29,10,2,23
44,29,9,2,22
45,29,175,134,202
46,29,7,1,21
47,29,5,2,21
48,29,5,3,23
49,29,159,119,187
50,29,150,153,194
51,29,7,7,28
52,29,7,8,29
53,29,144,104,173
54,29,8,9,31
55,29,8,9,31
56,29,8,9,31
57,29,128,88,157
58,29,106,111,152
59,29,7,7,28
60,29,6,5,26
61,29,6,5,25
62,29,5,3,23
63,29,5,2,21
0,30,5,0,20
1,30,5,0,20
2,30,219,219,255
3,30,189,189,229
4,30,5,0,20
5,30,5,0,20
6,30,5,0,20
7,30,5,0,20
8,30,5,0,20
9,30,155,153,161
10,30,5,0,20
11,30,5,0,20
12,30,155,153,161
13,30,5,0,20
14,30,5,0,20
15,30,5,0,20
16,30,155,153,161
17,30,5,0,20
18,30,5,0,20
19,30,5,0,20
20,30,5,0,20
21,30,224,224,255
22,30,215,175,247
23,30,5,0,20
24,30,5,0,20
25,30,5,0,20
26,30,5,0,20
27,30,5,0,20
28,30,5,0,20
29,30,198,157,208
30,30,5,0,20
31,30,155,153,161
32,30,199,158,208
33,30,5,0,20
34,30,155,153,161
35,30,6,1,20
36,30,7,1,21
37,30,8,1,22
38,30,187,146,208
39,30,9,2,22
40,30,189,148,208
41,30,9,2,22
42,30,8,1,22
43,30,203,163,228
44,30,7,1,21
45,30,6,1,20
46,30,154,153,161
47,30,5,2,22
48,30,6,4,24
49,30,155,155,163
50,30,7,6,27
51,30,150,155,195
52,30,154,159,200
53,30,153,159,200
54,30,8,11,32
55,30,156,157,165
56,30,8,11,32
57,30,8,10,31
58,30,8,9,31
59,30,232,237,255
60,30,7,6,27
61,30,6,5,26
62,30,6,4,24
63,30,5,2,22
0,31,5,0,20
1,31,5,0,20
2,31,5,0,20
3,31,5,0,20
4,31,5,0,20
5,31,5,0,20
6,31,5,0,20
7,31,5,0,20
8,31,5,0,20
9,31,127,86,154
10,31,155,153,161
11,31,5,0,20
12,31,5,0,20
13,31,158,118,190
14,31,5,0,20
15,31,5,0,20
16,31,5,0,20
17,31,5,0,20
18,31,161,120,188
19,31,5,0,20
20,31,5,0,20
21,31,5,0,20
22,31,5,0,20
23,31,5,0,20
24,31,179,138,206
25,31,5,0,20
26,31,155,153,161
27,31,181,140,208
28,31,155,153,161
29,31,5,0,20
30,31,5,0,20
31,31,5,0,20
32,31,5,0,20
33,31,184,143,208
34,31,221,221,237
35,31,186,145,208
36,31,67,66,107
37,31,5,0,20
38,31,6,1,20
39,31,6,1,20
40,31,6,1,20
41,31,6,1,20
42,31,6,1,20
43,31,5,0,20
44,31,5,0,20
45,31,5,0,20
46,31,5,2,21
47,31,158,117,185
48,31,6,4,24
49,31,6,5,26
50,31,7,7,28
51,31,7,9,30
52,31,156,157,165
53,31,9,12,33
54,31,9,13,34
55,31,9,13,35
56,31,172,180,221
57,31,9,12,33
58,31,8,10,31
59,31,7,9,30
60,31,7,7,28
61,31,6,5,26
62,31,6,4,24
63,31,5,3,23
0,32,5,0,20
1,32,5,0,20
2,32,5,0,20
3,32,5,0,20
4,32,5,0,20
5,32,85,85,125
6,32,85,85,125
7,32,60,60,100
8,32,5,0,20
9,32,5,0,20
10,32,5,0,20
11,32,5,0,20
12,32,5,0,20
13,32,77,77,117
14,32,5,0,20
15,32,63,63,103
16,32,5,0,20
17,32,5,0,20
18,32,5,0,20
19,32,5,0,20
20,32,5,0,20
21,32,163,122,190
22,32,5,0,20
23,32,5,0,20
24,32,209,209,249
25,32,5,0,20
26,32,5,0,20
27,32,5,0,20
28,32,5,0,20
29,32,155,153,161
30,32,183,142,208
31,32,5,0,20
32,32,5,0,20
33,32,117,117,157
34,32,5,0,20
35,32,5,0,20
36,32,5,0,20
37,32,155,153,161
38,32,5,0,20
39,32,5,0,20
40,32,5,0,20
41,32,171,130,198
42,32,5,0,20
43,32,5,0,20
44,32,5,0,20
45,32,5,0,20
46,32,5,2,21
47,32,5,3,23
48,32,6,5,25
49,32,7,6,27
50,32,7,8,29
51,32,143,103,172
52,32,8,10,31
53,32,9,12,33
54,32,9,13,35
55,32,128,89,157
56,32,9,13,35
57,32,9,12,33
58,32,8,10,31
59,32,7,9,30
60,32,7,8,29
61,32,7,6,27
62,32,6,5,25
63,32,5,3,23
0,33,132,132,172
1,33,5,0,20
2,33,5,0,20
3,33,5,0,20
4,33,5,0,20
5,33,5,0,20
6,33,5,0,20
7,33,5,0,20
8,33,5,0,20
9,33,5,0,20
10,33,5,0,20
11,33,5,0,20
12,33,128,87,155
13,33,155,153,161
14,33,5,0,20
15,33,5,0,20
16,33,5,0,20
17,33,211,195,222
18,33,5,0,20
19,33,5,0,20
20,33,155,153,161
21,33,5,0,20
22,33,5,0,20
23,33,5,0,20
24,33,164,123,191
25,33,5,0,20
26,33,155,153,161
27,33,5,0,20
28,33,5,0,20
29,33,5,0,20
30,33,5,0,20
31,33,222,222,255
32,33,5,0,20
33,33,5,0,20
34,33,5,0,20
35,33,187,147,219
36,33,155,153,161
37,33,5,0,20
38,33,171,130,198
39,33,5,0,20
40,33,5,0,20
41,33,5,0,20
42,33,155,153,161
43,33,5,0,20
44,33,156,115,183
45,33,155,153,161
46,33,5,2,21
47,33,5,3,23
48,33,6,4,24
49,33,6,5,26
50,33,7,7,28
51,33,7,9,30
52,33,135,141,182
53,33,9,12,33
54,33,9,13,34
55,33,9,13,35
56,33,9,13,34
57,33,9,12,33
58,33,8,10,31
59,33,7,9,30
60,33,7,7,28
61,33,6,5,26
62,33,6,4,24
63,33,5,3,23
0,34,5,0,20
1,34,5,0,20
2,34,5,0,20
3,34,5,0,20
4,34,5,0,20
5,34,5,0,20
6,34,5,0,20
7,34,5,0,20
8,34,5,0,20
9,34,109,109,149
10,34,5,0,20
11,34,5,0,20
12,34,5,0,20
13,34,5,0,20
14,34,5,0,20
15,34,5,0,20
16,34,5,0,20
17,34,5,0,20
18,34,208,208,224
19,34,5,0,20
20,34,173,133,205
21,34,5,0,20
22,34,5,0,20
23,34,242,242,255
24,34,242,242,255
25,34,5,0,20
26,34,5,0,20
27,34,5,0,20
28,34,166,125,193
29,34,5,0,20
30,34,5,0,20
31,34,167,126,194
32,34,5,0,20
33,34,5,0,20
34,34,5,0,20
35,34,5,0,20
36,34,5,0,20
37,34,5,0,20
38,34,5,0,20
39,34,142,142,182
40,34,142,142,182
41,34,155,114,182
42,34,5,0,20
43,34,5,0,20
44,34,122,122,162
45,34,5,0,20
46,34,4,1,20
47,34,5,2,22
48,34,141,100,168
49,34,6,5,26
50,34,7,6,27
51,34,7,8,29
52,34,125,85,154
53,34,8,10,31
54,34,8,11,32
55,34,8,11,32
56,34,8,11,32
57,34,8,10,31
58,34,8,9,31
59,34,7,8,29
60,34,7,6,27
61,34,6,5,26
62,34,6,4,24
63,34,5,2,22
0,35,5,0,20
1,35,5,0,20
2,35,5,0,20
3,35,5,0,20
4,35,5,0,20
5,35,5,0,20
6,35,5,0,20
7,35,5,0,20
8,35,5,0,20
9,35,5,0,20
10,35,5,0,20
11,35,5,0,20
12,35,5,0,20
13,35,5,0,20
14,35,5,0,20
15,35,66,66,106
16,35,130,89,157
17,35,5,0,20
18,35,112,112,152
19,35,5,0,20
20,35,5,0,20
21,35,5,0,20
22,35,5,0,20
23,35,155,153,161
24,35,148,107,175
25,35,5,0,20
26,35,5,0,20
27,35,225,225,255
28,35,225,225,255
29,35,5,0,20
30,35,5,0,20
31,35,5,0,20
32,35,5,0,20
33,35,5,0,20
34,35,5,0,20
35,35,5,0,20
36,35,5,0,20
37,35,153,112,180
38,35,155,153,161
39,35,5,0,20
40,35,5,0,20
41,35,5,0,20
42,35,5,0,20
43,35,5,0,20
44,35,139,98,166
45,35,5,0,20
46,35,5,0,20
47,35,5,2,21
48,35,5,3,23
49,35,6,5,25
50,35,6,5,26
51,35,7,7,28
52,35,7,8,29
53,35,7,9,30
54,35,8,9,31
55,35,8,9,31
56,35,8,9,31
57,35,163,169,210
58,35,132,137,178
59,35,7,7,28
60,35,6,5,26
61,35,6,5,25
62,35,5,3,23
63,35,253,254,255
0,36,5,0,20
1,36,5,0,20
2,36,5,0,20
3,36,167,167,207
4,36,5,0,20
5,36,5,0,20
6,36,5,0,20
7,36,5,0,20
8,36,5,0,20
9,36,5,0,20
10,36,5,0,20
11,36,5,0,20
12,36,5,0,20
13,36,5,0,20
14,36,5,0,20
15,36,5,0,20
16,36,5,0,20
17,36,5,0,20
18,36,5,0,20
19,36,5,0,20
20,36,5,0,20
21,36,5,0,20
22,36,5,0,20
23,36,5,0,20
24,36,5,0,20
25,36,5,0,20
26,36,5,0,20
27,36,5,0,20
28,36,5,0,20
29,36,150,109,177
30,36,5,0,20
31,36,5,0,20
32,36,5,0,20
33,36,151,110,178
34,36,5,0,20
35,36,5,0,20
36,36,5,0,20
37,36,5,0,20
38,36,5,0,20
39,36,5,0,20
40,36,5,0,20
41,36,155,153,161
42,36,5,0,20
43,36,5,0,20
44,36,5,0,20
45,36,5,0,20
46,36,155,153,161
47,36,4,1,20
48,36,123,82,150
49,36,5,3,23
50,36,6,5,25
51,36,6,5,26
52,36,7,6,27
53,36,7,7,28
54,36,7,7,28
55,36,7,8,29
56,36,7,7,28
57,36,7,7,28
58,36,7,6,27
59,36,6,5,26
60,36,6,5,25
61,36,5,3,23
62,36,5,2,22
63,36,4,1,20
0,37,5,0,20
1,37,5,0,20
2,37,5,0,20
3,37,243,243,255
4,37,5,0,20
5,37,5,0,20
6,37,5,0,20
7,37,5,0,20
8,37,5,0,20
9,37,5,0,20
10,37,5,0,20
11,37,5,0,20
12,37,5,0,20
13,37,5,0,20
14,37,5,0,20
15,37,5,0,20
16,37,5,0,20
17,37,5,0,20
18,37,5,0,20
19,37,135,135,175
20,37,5,0,20
21,37,131,90,158
22,37,205,205,245
23,37,5,0,20
24,37,5,0,20
25,37,133,92,160
26,37,5,0,20
27,37,155,153,161
28,37,107,107,147
29,37,107,107,147
30,37,5,0,20
31,37,215,214,217
32,37,239,239,255
33,37,5,0,20
34,37,5,0,20
35,37,136,95,163
36,37,5,0,20
37,37,5,0,20
38,37,5,0,20
39,37,254,254,255
40,37,138,97,165
41,37,5,0,20
42,37,192,192,232
43,37,5,0,20
44,37,5,0,20
45,37,5,0,20
46,37,230,230,255
47,37,5,0,20
48,37,4,1,20
49,37,5,2,22
50,37,5,3,23
51,37,6,4,24
52,37,6,5,25
53,37,6,5,26
54,37,6,5,26
55,37,6,5,26
56,37,6,5,26
57,37,6,5,26
58,37,6,5,25
59,37,6,4,24
60,37,5,3,23
61,37,5,2,22
62,37,4,1,20
63,37,5,0,20
0,38,5,0,20
1,38,5,0,20
2,38,207,207,247
3,38,5,0,20
4,38,5,0,20
5,38,5,0,20
6,38,5,0,20
7,38,5,0,20
8,38,5,0,20
9,38,5,0,20
10,38,5,0,20
11,38,5,0,20
12,38,5,0,20
13,38,5,0,20
14,38,5,0,20
15,38,5,0,20
16,38,5,0,20
17,38,5,0,20
18,38,187,187,227
19,38,5,0,20
20,38,5,0,20
21,38,5,0,20
22,38,5,0,20
23,38,5,0,20
24,38,5,0,20
25,38,5,0,20
26,38,5,0,20
27,38,5,0,20
28,38,107,107,147
29,38,107,107,147
30,38,183,143,209
31,38,5,0,20
32,38,5,0,20
33,38,5,0,20
34,38,5,0,20
35,38,139,139,179
36,38,5,0,20
37,38,5,0,20
38,38,5,0,20
39,38,5,0,20
40,38,5,0,20
41,38,5,0,20
42,38,5,0,20
43,38,5,0,20
44,38,122,81,149
45,38,5,0,20
46,38,5,0,20
47,38,5,0,20
48,38,5,0,20
49,38,242,243,255
50,38,5,2,21
51,38,5,2,22
52,38,5,3,23
53,38,5,3,23
54,38,6,4,24
55,38,6,4,24
56,38,6,4,24
57,38,5,3,23
58,38,5,3,23
59,38,5,2,22
60,38,5,2,21
61,38,4,1,20
62,38,5,0,20
63,38,129,129,169
0,39,5,0,20
1,39,5,0,20
2,39,5,0,20
3,39,5,0,20
4,39,5,0,20
5,39,5,0,20
6,39,235,235,255
7,39,5,0,20
8,39,5,0,20
9,39,5,0,20
10,39,5,0,20
11,39,126,126,166
12,39,5,0,20
13,39,5,0,20
14,39,151,151,191
15,39,5,0,20
16,39,5,0,20
17,39,5,0,20
18,39,5,0,20
19,39,5,0,20
20,39,5,0,20
21,39,5,0,20
22,39,5,0,20
23,39,5,0,20
24,39,5,0,20
25,39,5,0,20
26,39,5,0,20
27,39,5,0,20
28,39,5,0,20
29,39,5,0,20
30,39,5,0,20
31,39,5,0,20
32,39,5,0,20
33,39,5,0,20
34,39,5,0,20
35,39,189,189,229
36,39,5,0,20
37,39,5,0,20
38,39,5,0,20
39,39,5,0,20
40,39,5,0,20
41,39,5,0,20
42,39,5,0,20
43,39,5,0,20
44,39,5,0,20
45,39,5,0,20
46,39,5,0,20
47,39,5,0,20
48,39,5,0,20
49,39,224,224,255
50,39,5,0,20
51,39,4,1,20
52,39,4,1,20
53,39,5,2,21
54,39,5,2,21
55,39,5,2,21
56,39,5,2,21
57,39,5,2,21
58,39,4,1,20
59,39,4,1,20
60,39,5,0,20
61,39,5,0,20
62,39,5,0,20
63,39,129,129,169
0,40,5,0,20
1,40,5,0,20
2,40,5,0,20
3,40,5,0,20
4,40,5,0,20
5,40,5,0,20
6,40,5,0,20
7,40,5,0,20
8,40,5,0,20
9,40,5,0,20
10,40,5,0,20
11,40,5,0,20
12,40,5,0,20
13,40,5,0,20
14,40,5,0,20
15,40,77,77,117
16,40,5,0,20
17,40,248,248,255
18,40,5,0,20
19,40,5,0,20
20,40,5,0,20
21,40,5,0,20
22,40,5,0,20
23,40,83,83,123
24,40,83,83,123
25,40,5,0,20
26,40,5,0,20
27,40,5,0,20
28,40,5,0,20
29,40,5,0,20
30,40,5,0,20
31,40,5,0,20
32,40,5,0,20
33,40,5,0,20
34,40,202,202,242
35,40,202,202,242
36,40,5,0,20
37,40,5,0,20
38,40,5,0,20
39,40,5,0,20
40,40,5,0,20
41,40,5,0,20
42,40,5,0,20
43,40,5,0,20
44,40,5,0,20
45,40,5,0,20
46,40,5,0,20
47,40,5,0,20
48,40,5,0,20
49,40,5,0,20
50,40,5,0,20
51,40,211,211,251
52,40,5,0,20
53,40,5,0,20
54,40,5,0,20
55,40,5,0,20
56,40,5,0,20
57,40,5,0,20
58,40,5,0,20
59,40,5,0,20
60,40,5,0,20
61,40,79,79,119
62,40,5,0,20
63,40,5,0,20
0,41,5,0,20
1,41,5,0,20
2,41,5,0,20
3,41,5,0,20
4,41,5,0,20
5,41,5,0,20
6,41,5,0,20
7,41,5,0,20
8,41,147,147,187
9,41,5,0,20
10,41,5,0,20
11,41,5,0,20
12,41,5,0,20
13,41,5,0,20
14,41,5,0,20
15,41,122,122,162
16,41,122,122,162
17,41,5,0,20
18,41,5,0,20
19,41,5,0,20
20,41,5,0,20
21,41,5,0,20
22,41,5,0,20
23,41,5,0,20
24,41,5,0,20
25,41,5,0,20
26,41,5,0,20
27,41,5,0,20
28,41,5,0,20
29,41,5,0,20
30,41,5,0,20
31,41,5,0,20
32,41,5,0,20
33,41,5,0,20
34,41,5,0,20
35,41,5,0,20
36,41,98,98,138
37,41,5,0,20
38,41,5,0,20
39,41,5,0,20
40,41,5,0,20
41,41,5,0,20
42,41,5,0,20
43,41,5,0,20
44,41,5,0,20
45,41,5,0,20
46,41,5,0,20
47,41,5,0,20
48,41,5,0,20
49,41,64,64,104
50,41,64,64,104
51,41,190,190,230
52,41,5,0,20
53,41,5,0,20
54,41,5,0,20
55,41,5,0,20
56,41,175,175,215
57,41,77,77,117
58,41,5,0,20
59,41,5,0,20
60,41,5,0,20
61,41,5,0,20
62,41,5,0,20
63,41,5,0,20
0,42,98,98,138
1,42,98,98,138
2,42,5,0,20
3,42,5,0,20
4,42,73,73,113
5,42,5,0,20
6,42,5,0,20
7,42,5,0,20
8,42,5,0,20
9,42,236,236,255
10,42,5,0,20
11,42,5,0,20
12,42,103,103,143
13,42,5,0,20
14,42,5,0,20
15,42,69,69,109
16,42,69,69,109
17,42,5,0,20
18,42,5,0,20
19,42,5,0,20
20,42,5,0,20
21,42,5,0,20
22,42,5,0,20
23,42,5,0,20
24,42,5,0,20
25,42,5,0,20
26,42,5,0,20
27,42,5,0,20
28,42,5,0,20
29,42,5,0,20
30,42,5,0,20
31,42,5,0,20
32,42,5,0,20
33,42,5,0,20
34,42,5,0,20
35,42,5,0,20
36,42,5,0,20
37,42,5,0,20
38,42,5,0,20
39,42,5,0,20
40,42,5,0,20
41,42,5,0,20
42,42,5,0,20
43,42,5,0,20
44,42,5,0,20
45,42,97,97,137
46,42,5,0,20
47,42,5,0,20
48,42,5,0,20
49,42,5,0,20
50,42,5,0,20
51,42,5,0,20
52,42,5,0,20
53,42,5,0,20
54,42,5,0,20
55,42,5,0,20
56,42,5,0,20
57,42,186,186,226
58,42,5,0,20
59,42,5,0,20
60,42,5,0,20
61,42,5,0,20
62,42,5,0,20
63,42,5,0,20
0,43,5,0,20
1,43,5,0,20
2,43,5,0,20
3,43,5,0,20
4,43,190,190,230
5,43,5,0,20
6,43,5,0,20
7,43,5,0,20
8,43,225,225,255
9,43,5,0,20
10,43,5,0,20
11,43,5,0,20
12,43,5,0,20
13,43,5,0,20
14,43,5,0,20
15,43,5,0,20
16,43,5,0,20
17,43,5,0,20
18,43,5,0,20
19,43,5,0,20
20,43,5,0,20
21,43,5,0,20
22,43,5,0,20
23,43,5,0,20
24,43,5,0,20
25,43,5,0,20
26,43,5,0,20
27,43,5,0,20
28,43,5,0,20
29,43,5,0,20
30,43,5,0,20
31,43,5,0,20
32,43,5,0,20
33,43,5,0,20
34,43,5,0,20
35,43,5,0,20
36,43,5,0,20
37,43,5,0,20
38,43,137,137,177
39,43,5,0,20
40,43,5,0,20
41,43,5,0,20
42,43,5,0,20
43,43,5,0,20
44,43,5,0,20
45,43,5,0,20
46,43,5,0,20
47,43,5,0,20
48,43,5,0,20
49,43,5,0,20
50,43,5,0,20
51,43,5,0,20
52,43,5,0,20
53,43,5,0,20
54,43,5,0,20
55,43,247,247,255
56,43,5,0,20
57,43,5,0,20
58,43,5,0,20
59,43,5,0,20
60,43,5,0,20
61,43,5,0,20
62,43,5,0,20
63,43,5,0,20
0,44,5,0,20
1,44,5,0,20
2,44,5,0,20
3,44,5,0,20
4,44,5,0,20
5,44,5,0,20
6,44,5,0,20
7,44,5,0,20
8,44,5,0,20
9,44,5,0,20
10,44,148,148,188
11,44,226,226,255
12,44,230,230,255
13,44,5,0,20
14,44,5,0,20
15,44,5,0,20
16,44,5,0,20
17,44,5,0,20
18,44,5,0,20
19,44,5,0,20
20,44,5,0,20
21,44,5,0,20
22,44,5,0,20
23,44,5,0,20
24,44,5,0,20
25,44,5,0,20
26,44,5,0,20
27,44,5,0,20
28,44,148,148,188
29,44,5,0,20
30,44,5,0,20
31,44,5,0,20
32,44,5,0,20
33,44,5,0,20
34,44,5,0,20
35,44,5,0,20
36,44,5,0,20
37,44,5,0,20
38,44,5,0,20
39,44,5,0,20
40,44,5,0,20
41,44,5,0,20
42,44,228,228,255
43,44,5,0,20
44,44,5,0,20
45,44,5,0,20
46,44,5,0,20
47,44,92,92,132
48,44,118,118,158
49,44,5,0,20
50,44,5,0,20
51,44,169,169,209
52,44,73,73,113
53,44,5,0,20
54,44,184,184,224
55,44,5,0,20
56,44,5,0,20
57,44,5,0,20
58,44,5,0,20
59,44,5,0,20
60,44,5,0,20
61,44,5,0,20
62,44,5,0,20
63,44,5,0,20
0,45,5,0,20
1,45,5,0,20
2,45,5,0,20
3,45,5,0,20
4,45,5,0,20
5,45,119,119,159
6,45,5,0,20
7,45,5,0,20
8,45,5,0,20
9,45,5,0,20
10,45,200,200,240
11,45,168,168,208
12,45,5,0,20
13,45,5,0,20
14,45,5,0,20
15,45,5,0,20
16,45,5,0,20
17,45,5,0,20
18,45,5,0,20
19,45,5,0,20
20,45,5,0,20
21,45,5,0,20
22,45,5,0,20
23,45,5,0,20
24,45,5,0,20
25,45,5,0,20
26,45,170,170,210
27,45,5,0,20
28,45,5,0,20
29,45,5,0,20
30,45,5,0,20
31,45,5,0,20
32,45,5,0,20
33,45,5,0,20
34,45,5,0,20
35,45,5,0,20
36,45,5,0,20
37,45,5,0,20
38,45,5,0,20
39,45,5,0,20
40,45,5,0,20
41,45,5,0,20
42,45,5,0,20
43,45,5,0,20
44,45,5,0,20
45,45,95,95,135
46,45,5,0,20
47,45,5,0,20
48,45,5,0,20
49,45,5,0,20
50,45,5,0,20
51,45,5,0,20
52,45,5,0,20
53,45,5,0,20
54,45,5,0,20
55,45,5,0,20
56,45,5,0,20
57,45,5,0,20
58,45,5,0,20
59,45,5,0,20
60,45,5,0,20
61,45,5,0,20
62,45,5,0,20
63,45,5,0,20
0,46,5,0,20
1,46,5,0,20
2,46,5,0,20
3,46,5,0,20
4,46,101,101,141
5,46,5,0,20
6,46,5,0,20
7,46,5,0,20
8,46,5,0,20
9,46,5,0,20
10,46,5,0,20
11,46,168,168,208
12,46,157,157,197
13,46,5,0,20
14,46,5,0,20
15,46,5,0,20
16,46,5,0,20
17,46,5,0,20
18,46,5,0,20
19,46,5,0,20
20,46,201,201,241
21,46,5,0,20
22,46,5,0,20
23,46,5,0,20
24,46,5,0,20
25,46,5,0,20
26,46,5,0,20
27,46,5,0,20
28,46,5,0,20
29,46,5,0,20
30,46,5,0,20
31,46,5,0,20
32,46,5,0,20
33,46,5,0,20
34,46,5,0,20
35,46,5,0,20
36,46,5,0,20
37,46,5,0,20
38,46,5,0,20
39,46,5,0,20
40,46,5,0,20
41,46,196,196,236
42,46,5,0,20
43,46,5,0,20
44,46,5,0,20
45,46,5,0,20
46,46,5,0,20
47,46,99,99,139
48,46,5,0,20
49,46,106,106,146
50,46,5,0,20
51,46,5,0,20
52,46,5,0,20
53,46,5,0,20
54,46,5,0,20
55,46,5,0,20
56,46,145,145,185
57,46,5,0,20
58,46,5,0,20
59,46,5,0,20
60,46,5,0,20
61,46,5,0,20
62,46,5,0,20
63,46,84,84,124
0,47,5,0,20
1,47,5,0,20
2,47,5,0,20
3,47,186,186,226
4,47,5,0,20
5,47,5,0,20
6,47,5,0,20
7,47,5,0,20
8,47,5,0,20
9,47,5,0,20
10,47,5,0,20
11,47,5,0,20
12,47,5,0,20
13,47,135,135,175
14,47,5,0,20
15,47,5,0,20
16,47,5,0,20
17,47,5,0,20
18,47,94,94,134
19,47,5,0,20
20,47,5,0,20
21,47,5,0,20
22,47,104,104,144
23,47,5,0,20
24,47,5,0,20
25,47,5,0,20
26,47,5,0,20
27,47,5,0,20
28,47,248,248,255
29,47,5,0,20
30,47,5,0,20
31,47,5,0,20
32,47,5,0,20
33,47,109,109,149
34,47,5,0,20
35,47,5,0,20
36,47,5,0,20
37,47,5,0,20
38,47,5,0,20
39,47,5,0,20
40,47,5,0,20
41,47,5,0,20
42,47,5,0,20
43,47,250,250,255
44,47,5,0,20
45,47,5,0,20
46,47,5,0,20
47,47,5,0,20
48,47,5,0,20
49,47,5,0,20
50,47,5,0,20
51,47,5,0,20
52,47,5,0,20
53,47,5,0,20
54,47,5,0,20
55,47,5,0,20
56,47,5,0,20
57,47,5,0,20
58,47,5,0,20
59,47,5,0,20
60,47,5,0,20
61,47,5,0,20
62,47,5,0,20
63,47,5,0,20