0,0,5,5,30
1,0,5,5,30
2,0,5,5,30
3,0,5,5,30
4,0,5,5,30
5,0,5,5,30
6,0,5,5,30
7,0,5,5,30
8,0,5,5,30
9,0,5,5,30
10,0,5,5,30
11,0,5,5,30
12,0,5,5,30
13,0,5,5,30
14,0,5,5,30
15,0,5,5,30
16,0,5,5,30
17,0,5,5,30
18,0,5,5,30
19,0,5,5,30
20,0,5,5,30
21,0,5,5,30
22,0,5,5,30
23,0,5,5,30
24,0,5,5,30
25,0,5,5,30
26,0,5,5,30
27,0,5,5,30
28,0,5,5,30
29,0,5,5,30
30,0,5,5,30
31,0,5,5,30
32,0,5,5,30
33,0,5,5,30
34,0,5,5,30
35,0,5,5,30
36,0,5,5,30
37,0,5,5,30
38,0,5,5,30
39,0,5,5,30
40,0,5,5,30
41,0,5,5,30
42,0,5,5,30
43,0,5,5,30
44,0,5,5,30
45,0,5,5,30
46,0,5,5,30
47,0,5,5,30
48,0,5,5,30
49,0,5,5,30
50,0,5,5,30
51,0,5,5,30
52,0,5,5,30
53,0,5,5,30
54,0,5,5,30
55,0,5,5,30
56,0,5,5,30
57,0,5,5,30
58,0,5,5,30
59,0,5,5,30
60,0,5,5,30
61,0,5,5,30
62,0,5,5,30
63,0,5,5,30
0,1,6,5,31
1,1,6,5,31
2,1,6,5,31
3,1,6,5,31
4,1,6,5,31
5,1,6,5,31
6,1,6,5,31
7,1,6,5,31
8,1,6,5,31
9,1,6,5,31
10,1,6,5,31
11,1,6,5,31
12,1,6,5,31
13,1,6,5,31
14,1,6,5,31
15,1,6,5,31
16,1,6,5,31
17,1,6,5,31
18,1,255,255,220
19,1,6,5,31
20,1,6,5,31
21,1,6,5,31
22,1,6,5,31
23,1,6,5,31
24,1,6,5,31
25,1,6,5,31
26,1,6,5,31
27,1,6,5,31
28,1,6,5,31
29,1,6,5,31
30,1,6,5,31
31,1,6,5,31
32,1,6,5,31
33,1,6,5,31
34,1,6,5,31
35,1,6,5,31
36,1,6,5,31
37,1,6,5,31
38,1,6,5,31
39,1,6,5,31
40,1,6,5,31
41,1,6,5,31
42,1,6,5,31
43,1,6,5,31
44,1,6,5,31
45,1,6,5,31
46,1,6,5,31
47,1,6,5,31
48,1,6,5,31
49,1,6,5,31
50,1,6,5,31
51,1,6,5,31
52,1,6,5,31
53,1,6,5,31
54,1,6,5,31
55,1,6,5,31
56,1,6,5,31
57,1,6,5,31
58,1,6,5,31
59,1,6,5,31
60,1,6,5,31
61,1,6,5,31
62,1,6,5,31
63,1,6,5,31
0,2,6,5,32
1,2,6,5,32
2,2,6,5,32
3,2,255,255,220
4,2,6,5,32
5,2,6,5,32
6,2,6,5,32
7,2,6,5,32
8,2,6,5,32
9,2,6,5,32
10,2,6,5,32
11,2,6,5,32
12,2,6,5,32
13,2,6,5,32
14,2,6,5,32
15,2,6,5,32
16,2,6,5,32
17,2,6,5,32
18,2,6,5,32
19,2,6,5,32
20,2,6,5,32
21,2,6,5,32
22,2,6,5,32
23,2,6,5,32
24,2,6,5,32
25,2,6,5,32
26,2,6,5,32
27,2,6,5,32
28,2,6,5,32
29,2,6,5,32
30,2,6,5,32
31,2,6,5,32
32,2,6,5,32
33,2,6,5,32
34,2,6,5,32
35,2,6,5,32
36,2,6,5,32
37,2,6,5,32
38,2,6,5,32
39,2,6,5,32
40,2,6,5,32
41,2,6,5,32
42,2,6,5,32
43,2,6,5,32
44,2,6,5,32
45,2,6,5,32
46,2,6,5,32
47,2,6,5,32
48,2,6,5,32
49,2,6,5,32
50,2,255,255,220
51,2,6,5,32
52,2,6,5,32
53,2,6,5,32
54,2,6,5,32
55,2,6,5,32
56,2,6,5,32
57,2,6,5,32
58,2,6,5,32
59,2,6,5,32
60,2,6,5,32
61,2,6,5,32
62,2,6,5,32
63,2,6,5,32
0,3,7,6,33
1,3,7,6,33
2,3,7,6,33
3,3,7,6,33
4,3,7,6,33
5,3,7,6,33
6,3,7,6,33
7,3,7,6,33
8,3,7,6,33
9,3,7,6,33
10,3,7,6,33
11,3,7,6,33
12,3,7,6,33
13,3,7,6,33
14,3,7,6,33
15,3,7,6,33
16,3,7,6,33
17,3,7,6,33
18,3,7,6,33
19,3,7,6,33
20,3,7,6,33
21,3,7,6,33
22,3,7,6,33
23,3,7,6,33
24,3,7,6,33
25,3,7,6,33
26,3,7,6,33
27,3,7,6,33
28,3,7,6,33
29,3,7,6,33
30,3,7,6,33
31,3,7,6,33
32,3,7,6,33
33,3,255,255,220
34,3,7,6,33
35,3,7,6,33
36,3,7,6,33
37,3,7,6,33
38,3,7,6,33
39,3,7,6,33
40,3,7,6,33
41,3,7,6,33
42,3,7,6,33
43,3,7,6,33
44,3,7,6,33
45,3,7,6,33
46,3,7,6,33
47,3,7,6,33
48,3,7,6,33
49,3,7,6,33
50,3,7,6,33
51,3,7,6,33
52,3,7,6,33
53,3,7,6,33
54,3,255,255,240
55,3,7,6,33
56,3,16,8,42
57,3,7,6,33
58,3,7,6,33
59,3,7,6,33
60,3,7,6,33
61,3,7,6,33
62,3,7,6,33
63,3,7,6,33
0,4,7,6,34
1,4,7,6,34
2,4,7,6,34
3,4,7,6,34
4,4,7,6,34
5,4,7,6,34
6,4,7,6,34
7,4,7,6,34
8,4,7,6,34
9,4,7,6,34
10,4,7,6,34
11,4,7,6,34
12,4,7,6,34
13,4,7,6,34
14,4,7,6,34
15,4,7,6,34
16,4,7,6,34
17,4,7,6,34
18,4,7,6,34
19,4,7,6,34
20,4,7,6,34
21,4,7,6,34
22,4,7,6,34
23,4,7,6,34
24,4,7,6,34
25,4,7,6,34
26,4,7,6,34
27,4,7,6,34
28,4,7,6,34
29,4,7,6,34
30,4,7,6,34
31,4,7,6,34
32,4,7,6,34
33,4,7,6,34
34,4,7,6,34
35,4,7,6,34
36,4,7,6,34
37,4,7,6,34
38,4,7,6,34
39,4,7,6,34
40,4,7,6,34
41,4,7,6,34
42,4,7,6,34
43,4,7,6,34
44,4,7,6,34
45,4,255,255,220
46,4,7,6,34
47,4,7,6,34
48,4,7,6,34
49,4,7,6,34
50,4,7,6,34
51,4,7,6,34
52,4,255,255,240
53,4,255,255,240
54,4,255,255,240
55,4,16,8,42
56,4,16,8,42
57,4,16,8,42
58,4,16,8,42
59,4,7,6,34
60,4,7,6,34
61,4,7,6,34
62,4,255,255,220
63,4,7,6,34
0,5,8,6,35
1,5,8,6,35
2,5,8,6,35
3,5,8,6,35
4,5,8,6,35
5,5,8,6,35
6,5,8,6,35
7,5,8,6,35
8,5,8,6,35
9,5,8,6,35
10,5,255,255,220
11,5,8,6,35
12,5,8,6,35
13,5,8,6,35
14,5,8,6,35
15,5,8,6,35
16,5,8,6,35
17,5,8,6,35
18,5,8,6,35
19,5,8,6,35
20,5,8,6,35
21,5,8,6,35
22,5,8,6,35
23,5,8,6,35
24,5,8,6,35
25,5,8,6,35
26,5,8,6,35
27,5,8,6,35
28,5,8,6,35
29,5,8,6,35
30,5,8,6,35
31,5,8,6,35
32,5,8,6,35
33,5,8,6,35
34,5,8,6,35
35,5,8,6,35
36,5,8,6,35
37,5,8,6,35
38,5,8,6,35
39,5,8,6,35
40,5,8,6,35
41,5,8,6,35
42,5,8,6,35
43,5,8,6,35
44,5,8,6,35
45,5,8,6,35
46,5,8,6,35
47,5,8,6,35
48,5,8,6,35
49,5,8,6,35
50,5,8,6,35
51,5,8,6,35
52,5,255,255,240
53,5,255,255,240
54,5,255,255,240
55,5,16,8,42
56,5,16,8,42
57,5,16,8,42
58,5,16,8,42
59,5,8,6,35
60,5,8,6,35
61,5,8,6,35
62,5,8,6,35
63,5,8,6,35
0,6,8,6,36
1,6,8,6,36
2,6,8,6,36
3,6,8,6,36
4,6,8,6,36
5,6,8,6,36
6,6,8,6,36
7,6,8,6,36
8,6,8,6,36
9,6,8,6,36
10,6,8,6,36
11,6,8,6,36
12,6,8,6,36
13,6,8,6,36
14,6,8,6,36
15,6,8,6,36
16,6,8,6,36
17,6,8,6,36
18,6,8,6,36
19,6,8,6,36
20,6,8,6,36
21,6,8,6,36
22,6,8,6,36
23,6,8,6,36
24,6,8,6,36
25,6,8,6,36
26,6,8,6,36
27,6,8,6,36
28,6,8,6,36
29,6,8,6,36
30,6,8,6,36
31,6,8,6,36
32,6,8,6,36
33,6,8,6,36
34,6,8,6,36
35,6,8,6,36
36,6,8,6,36
37,6,8,6,36
38,6,8,6,36
39,6,8,6,36
40,6,8,6,36
41,6,8,6,36
42,6,8,6,36
43,6,8,6,36
44,6,8,6,36
45,6,8,6,36
46,6,8,6,36
47,6,8,6,36
48,6,8,6,36
49,6,8,6,36
50,6,8,6,36
51,6,255,255,240
52,6,255,255,240
53,6,255,255,240
54,6,255,255,240
55,6,16,8,42
56,6,16,8,42
57,6,16,8,42
58,6,16,8,42
59,6,16,8,42
60,6,8,6,36
61,6,8,6,36
62,6,8,6,36
63,6,8,6,36
0,7,9,6,37
1,7,9,6,37
2,7,9,6,37
3,7,9,6,37
4,7,9,6,37
5,7,9,6,37
6,7,9,6,37
7,7,9,6,37
8,7,9,6,37
9,7,9,6,37
10,7,9,6,37
11,7,9,6,37
12,7,9,6,37
13,7,9,6,37
14,7,9,6,37
15,7,9,6,37
16,7,9,6,37
17,7,9,6,37
18,7,9,6,37
19,7,9,6,37
20,7,9,6,37
21,7,9,6,37
22,7,9,6,37
23,7,9,6,37
24,7,9,6,37
25,7,255,255,220
26,7,9,6,37
27,7,9,6,37
28,7,9,6,37
29,7,9,6,37
30,7,9,6,37
31,7,9,6,37
32,7,9,6,37
33,7,9,6,37
34,7,9,6,37
35,7,9,6,37
36,7,9,6,37
37,7,9,6,37
38,7,9,6,37
39,7,9,6,37
40,7,9,6,37
41,7,9,6,37
42,7,9,6,37
43,7,9,6,37
44,7,9,6,37
45,7,9,6,37
46,7,9,6,37
47,7,9,6,37
48,7,9,6,37
49,7,9,6,37
50,7,9,6,37
51,7,9,6,37
52,7,255,255,240
53,7,255,255,240
54,7,255,255,240
55,7,16,8,42
56,7,16,8,42
57,7,16,8,42
58,7,16,8,42
59,7,9,6,37
60,7,9,6,37
61,7,9,6,37
62,7,9,6,37
63,7,9,6,37
0,8,9,6,38
1,8,9,6,38
2,8,9,6,38
3,8,9,6,38
4,8,9,6,38
5,8,9,6,38
6,8,9,6,38
7,8,9,6,38
8,8,9,6,38
9,8,9,6,38
10,8,9,6,38
11,8,9,6,38
12,8,9,6,38
13,8,9,6,38
14,8,9,6,38
15,8,9,6,38
16,8,9,6,38
17,8,9,6,38
18,8,9,6,38
19,8,9,6,38
20,8,26,26,58
21,8,26,26,58
22,8,26,26,58
23,8,26,26,58
24,8,26,26,58
25,8,26,26,58
26,8,26,26,58
27,8,9,6,38
28,8,9,6,38
29,8,9,6,38
30,8,9,6,38
31,8,9,6,38
32,8,9,6,38
33,8,9,6,38
34,8,9,6,38
35,8,9,6,38
36,8,9,6,38
37,8,9,6,38
38,8,9,6,38
39,8,9,6,38
40,8,255,255,220
41,8,9,6,38
42,8,9,6,38
43,8,9,6,38
44,8,9,6,38
45,8,9,6,38
46,8,9,6,38
47,8,9,6,38
48,8,9,6,38
49,8,9,6,38
50,8,9,6,38
51,8,9,6,38
52,8,255,255,240
53,8,255,255,240
54,8,255,255,240
55,8,16,8,42
56,8,16,8,42
57,8,16,8,42
58,8,16,8,42
59,8,9,6,38
60,8,9,6,38
61,8,9,6,38
62,8,9,6,38
63,8,9,6,38
0,9,10,7,39
1,9,10,7,39
2,9,10,7,39
3,9,10,7,39
4,9,10,7,39
5,9,10,7,39
6,9,10,7,39
7,9,10,7,39
8,9,10,7,39
9,9,10,7,39
10,9,10,7,39
11,9,10,7,39
12,9,10,7,39
13,9,10,7,39
14,9,10,7,39
15,9,10,7,39
16,9,10,7,39
17,9,10,7,39
18,9,10,7,39
19,9,10,7,39
20,9,26,26,58
21,9,172,101,51
22,9,26,26,58
23,9,26,26,58
24,9,172,152,103
25,9,26,26,58
26,9,26,26,58
27,9,10,7,39
28,9,10,7,39
29,9,10,7,39
30,9,10,7,39
31,9,10,7,39
32,9,10,7,39
33,9,10,7,39
34,9,10,7,39
35,9,10,7,39
36,9,10,7,39
37,9,10,7,39
38,9,10,7,39
39,9,10,7,39
40,9,10,7,39
41,9,10,7,39
42,9,10,7,39
43,9,10,7,39
44,9,10,7,39
45,9,10,7,39
46,9,10,7,39
47,9,10,7,39
48,9,10,7,39
49,9,10,7,39
50,9,10,7,39
51,9,10,7,39
52,9,10,7,39
53,9,10,7,39
54,9,255,255,240
55,9,10,7,39
56,9,16,8,42
57,9,10,7,39
58,9,10,7,39
59,9,10,7,39
60,9,10,7,39
61,9,10,7,39
62,9,10,7,39
63,9,10,7,39
0,10,26,26,58
1,10,26,26,58
2,10,26,26,58
3,10,26,26,58
4,10,26,26,58
5,10,26,26,58
6,10,26,26,58
7,10,26,26,58
8,10,10,7,40
9,10,10,7,40
10,10,10,7,40
11,10,10,7,40
12,10,10,7,40
13,10,10,7,40
14,10,10,7,40
15,10,10,7,40
16,10,10,7,40
17,10,10,7,40
18,10,10,7,40
19,10,10,7,40
20,10,26,26,58
21,10,26,26,58
22,10,26,26,58
23,10,26,26,58
24,10,26,26,58
25,10,26,26,58
26,10,26,26,58
27,10,10,7,40
28,10,10,7,40
29,10,10,7,40
30,10,10,7,40
31,10,10,7,40
32,10,10,7,40
33,10,10,7,40
34,10,10,7,40
35,10,10,7,40
36,10,10,7,40
37,10,10,7,40
38,10,255,255,220
39,10,10,7,40
40,10,10,7,40
41,10,10,7,40
42,10,10,7,40
43,10,10,7,40
44,10,10,7,40
45,10,10,7,40
46,10,10,7,40
47,10,10,7,40
48,10,10,7,40
49,10,10,7,40
50,10,10,7,40
51,10,10,7,40
52,10,10,7,40
53,10,10,7,40
54,10,10,7,40
55,10,10,7,40
56,10,10,7,40
57,10,10,7,40
58,10,10,7,40
59,10,10,7,40
60,10,10,7,40
61,10,10,7,40
62,10,10,7,40
63,10,10,7,40
0,11,26,26,58
1,11,26,26,58
2,11,26,26,58
3,11,26,26,58
4,11,26,26,58
5,11,26,26,58
6,11,26,26,58
7,11,26,26,58
8,11,11,7,41
9,11,11,7,41
10,11,11,7,41
11,11,11,7,41
12,11,11,7,41
13,11,11,7,41
14,11,11,7,41
15,11,11,7,41
16,11,11,7,41
17,11,11,7,41
18,11,11,7,41
19,11,11,7,41
20,11,26,26,58
21,11,26,26,58
22,11,26,26,58
23,11,26,26,58
24,11,26,26,58
25,11,26,26,58
26,11,26,26,58
27,11,11,7,41
28,11,11,7,41
29,11,11,7,41
30,11,11,7,41
31,11,11,7,41
32,11,11,7,41
33,11,11,7,41
34,11,11,7,41
35,11,11,7,41
36,11,11,7,41
37,11,11,7,41
38,11,26,26,58
39,11,26,26,58
40,11,26,26,58
41,11,26,26,58
42,11,26,26,58
43,11,26,26,58
44,11,11,7,41
45,11,11,7,41
46,11,11,7,41
47,11,11,7,41
48,11,11,7,41
49,11,11,7,41
50,11,11,7,41
51,11,11,7,41
52,11,11,7,41
53,11,11,7,41
54,11,11,7,41
55,11,11,7,41
56,11,11,7,41
57,11,11,7,41
58,11,11,7,41
59,11,11,7,41
60,11,11,7,41
61,11,11,7,41
62,11,11,7,41
63,11,11,7,41
0,12,26,26,58
1,12,172,101,51
2,12,26,26,58
3,12,172,101,51
4,12,26,26,58
5,12,172,152,103
6,12,26,26,58
7,12,26,26,58
8,12,11,7,42
9,12,11,7,42
10,12,11,7,42
11,12,11,7,42
12,12,11,7,42
13,12,11,7,42
14,12,11,7,42
15,12,11,7,42
16,12,11,7,42
17,12,11,7,42
18,12,11,7,42
19,12,11,7,42
20,12,26,26,58
21,12,26,26,58
22,12,26,26,58
23,12,26,26,58
24,12,26,26,58
25,12,26,26,58
26,12,26,26,58
27,12,11,7,42
28,12,11,7,42
29,12,11,7,42
30,12,11,7,42
31,12,11,7,42
32,12,11,7,42
33,12,11,7,42
34,12,11,7,42
35,12,11,7,42
36,12,11,7,42
37,12,11,7,42
38,12,26,26,58
39,12,172,152,103
40,12,26,26,58
41,12,172,152,103
42,12,26,26,58
43,12,26,26,58
44,12,11,7,42
45,12,26,26,58
46,12,26,26,58
47,12,26,26,58
48,12,26,26,58
49,12,26,26,58
50,12,26,26,58
51,12,26,26,58
52,12,26,26,58
53,12,26,26,58
54,12,26,26,58
55,12,26,26,58
56,12,11,7,42
57,12,11,7,42
58,12,11,7,42
59,12,11,7,42
60,12,11,7,42
61,12,11,7,42
62,12,11,7,42
63,12,11,7,42
0,13,26,26,58
1,13,26,26,58
2,13,26,26,58
3,13,26,26,58
4,13,26,26,58
5,13,26,26,58
6,13,26,26,58
7,13,26,26,58
8,13,12,7,43
9,13,12,7,43
10,13,12,7,43
11,13,12,7,43
12,13,12,7,43
13,13,12,7,43
14,13,12,7,43
15,13,12,7,43
16,13,12,7,43
17,13,12,7,43
18,13,12,7,43
19,13,12,7,43
20,13,26,26,58
21,13,172,152,103
22,13,26,26,58
23,13,26,26,58
24,13,172,152,103
25,13,26,26,58
26,13,26,26,58
27,13,12,7,43
28,13,12,7,43
29,13,12,7,43
30,13,12,7,43
31,13,12,7,43
32,13,12,7,43
33,13,12,7,43
34,13,12,7,43
35,13,12,7,43
36,13,12,7,43
37,13,12,7,43
38,13,26,26,58
39,13,26,26,58
40,13,26,26,58
41,13,26,26,58
42,13,26,26,58
43,13,26,26,58
44,13,12,7,43
45,13,26,26,58
46,13,172,152,103
47,13,26,26,58
48,13,26,26,58
49,13,172,152,103
50,13,26,26,58
51,13,26,26,58
52,13,172,152,103
53,13,26,26,58
54,13,26,26,58
55,13,26,26,58
56,13,12,7,43
57,13,12,7,43
58,13,12,7,43
59,13,12,7,43
60,13,12,7,43
61,13,12,7,43
62,13,12,7,43
63,13,12,7,43
0,14,26,26,58
1,14,26,26,58
2,14,26,26,58
3,14,26,26,58
4,14,26,26,58
5,14,26,26,58
6,14,26,26,58
7,14,26,26,58
8,14,12,7,44
9,14,26,26,58
10,14,26,26,58
11,14,26,26,58
12,14,26,26,58
13,14,26,26,58
14,14,26,26,58
15,14,26,26,58
16,14,26,26,58
17,14,26,26,58
18,14,26,26,58
19,14,12,7,44
20,14,26,26,58
21,14,26,26,58
22,14,26,26,58
23,14,26,26,58
24,14,26,26,58
25,14,26,26,58
26,14,26,26,58
27,14,12,7,44
28,14,12,7,44
29,14,12,7,44
30,14,12,7,44
31,14,12,7,44
32,14,12,7,44
33,14,12,7,44
34,14,12,7,44
35,14,12,7,44
36,14,12,7,44
37,14,12,7,44
38,14,26,26,58
39,14,26,26,58
40,14,26,26,58
41,14,26,26,58
42,14,26,26,58
43,14,26,26,58
44,14,12,7,44
45,14,26,26,58
46,14,26,26,58
47,14,26,26,58
48,14,26,26,58
49,14,26,26,58
50,14,26,26,58
51,14,26,26,58
52,14,26,26,58
53,14,26,26,58
54,14,26,26,58
55,14,26,26,58
56,14,12,7,44
57,14,12,7,44
58,14,12,7,44
59,14,12,7,44
60,14,12,7,44
61,14,12,7,44
62,14,12,7,44
63,14,12,7,44
0,15,26,26,58
1,15,26,26,58
2,15,26,26,58
3,15,26,26,58
4,15,26,26,58
5,15,26,26,58
6,15,26,26,58
7,15,26,26,58
8,15,13,8,45
9,15,26,26,58
10,15,172,152,103
11,15,26,26,58
12,15,26,26,58
13,15,172,152,103
14,15,26,26,58
15,15,26,26,58
16,15,172,152,103
17,15,26,26,58
18,15,26,26,58
19,15,13,8,45
20,15,26,26,58
21,15,26,26,58
22,15,26,26,58
23,15,26,26,58
24,15,26,26,58
25,15,26,26,58
26,15,26,26,58
27,15,13,8,45
28,15,13,8,45
29,15,13,8,45
30,15,13,8,45
31,15,13,8,45
32,15,13,8,45
33,15,13,8,45
34,15,13,8,45
35,15,13,8,45
36,15,13,8,45
37,15,13,8,45
38,15,26,26,58
39,15,26,26,58
40,15,26,26,58
41,15,26,26,58
42,15,26,26,58
43,15,26,26,58
44,15,13,8,45
45,15,26,26,58
46,15,26,26,58
47,15,26,26,58
48,15,26,26,58
49,15,26,26,58
50,15,26,26,58
51,15,26,26,58
52,15,26,26,58
53,15,26,26,58
54,15,26,26,58
55,15,26,26,58
56,15,13,8,45
57,15,26,26,58
58,15,26,26,58
59,15,26,26,58
60,15,26,26,58
61,15,26,26,58
62,15,26,26,58
63,15,26,26,58
0,16,26,26,58
1,16,172,152,103
2,16,26,26,58
3,16,172,152,103
4,16,26,26,58
5,16,172,152,103
6,16,26,26,58
7,16,26,26,58
8,16,13,8,46
9,16,26,26,58
10,16,26,26,58
11,16,26,26,58
12,16,26,26,58
13,16,26,26,58
14,16,26,26,58
15,16,26,26,58
16,16,26,26,58
17,16,26,26,58
18,16,26,26,58
19,16,13,8,46
20,16,26,26,58
21,16,26,26,58
22,16,26,26,58
23,16,26,26,58
24,16,26,26,58
25,16,26,26,58
26,16,26,26,58
27,16,13,8,46
28,16,26,26,58
29,16,26,26,58
30,16,26,26,58
31,16,26,26,58
32,16,26,26,58
33,16,26,26,58
34,16,26,26,58
35,16,26,26,58
36,16,26,26,58
37,16,13,8,46
38,16,26,26,58
39,16,172,101,51
40,16,26,26,58
41,16,172,101,51
42,16,26,26,58
43,16,26,26,58
44,16,13,8,46
45,16,26,26,58
46,16,26,26,58
47,16,26,26,58
48,16,26,26,58
49,16,26,26,58
50,16,26,26,58
51,16,26,26,58
52,16,26,26,58
53,16,26,26,58
54,16,26,26,58
55,16,26,26,58
56,16,13,8,46
57,16,26,26,58
58,16,172,101,51
59,16,26,26,58
60,16,26,26,58
61,16,172,152,103
62,16,26,26,58
63,16,26,26,58
0,17,26,26,58
1,17,26,26,58
2,17,26,26,58
3,17,26,26,58
4,17,26,26,58
5,17,26,26,58
6,17,26,26,58
7,17,26,26,58
8,17,14,8,47
9,17,26,26,58
10,17,26,26,58
11,17,26,26,58
12,17,26,26,58
13,17,26,26,58
14,17,26,26,58
15,17,26,26,58
16,17,26,26,58
17,17,26,26,58
18,17,26,26,58
19,17,14,8,47
20,17,26,26,58
21,17,172,152,103
22,17,26,26,58
23,17,26,26,58
24,17,172,152,103
25,17,26,26,58
26,17,26,26,58
27,17,14,8,47
28,17,26,26,58
29,17,172,152,103
30,17,26,26,58
31,17,26,26,58
32,17,172,152,103
33,17,26,26,58
34,17,26,26,58
35,17,172,152,103
36,17,26,26,58
37,17,14,8,47
38,17,26,26,58
39,17,26,26,58
40,17,26,26,58
41,17,26,26,58
42,17,26,26,58
43,17,26,26,58
44,17,14,8,47
45,17,26,26,58
46,17,172,152,103
47,17,26,26,58
48,17,26,26,58
49,17,172,101,51
50,17,26,26,58
51,17,26,26,58
52,17,172,101,51
53,17,26,26,58
54,17,26,26,58
55,17,26,26,58
56,17,14,8,47
57,17,26,26,58
58,17,26,26,58
59,17,26,26,58
60,17,26,26,58
61,17,26,26,58
62,17,26,26,58
63,17,26,26,58
0,18,26,26,58
1,18,26,26,58
2,18,26,26,58
3,18,26,26,58
4,18,26,26,58
5,18,26,26,58
6,18,26,26,58
7,18,26,26,58
8,18,14,8,48
9,18,26,26,58
10,18,26,26,58
11,18,26,26,58
12,18,26,26,58
13,18,26,26,58
14,18,26,26,58
15,18,26,26,58
16,18,26,26,58
17,18,26,26,58
18,18,26,26,58
19,18,14,8,48
20,18,26,26,58
21,18,26,26,58
22,18,26,26,58
23,18,26,26,58
24,18,26,26,58
25,18,26,26,58
26,18,26,26,58
27,18,14,8,48
28,18,26,26,58
29,18,26,26,58
30,18,26,26,58
31,18,26,26,58
32,18,26,26,58
33,18,26,26,58
34,18,26,26,58
35,18,26,26,58
36,18,26,26,58
37,18,14,8,48
38,18,26,26,58
39,18,26,26,58
40,18,26,26,58
41,18,26,26,58
42,18,26,26,58
43,18,26,26,58
44,18,14,8,48
45,18,26,26,58
46,18,26,26,58
47,18,26,26,58
48,18,26,26,58
49,18,26,26,58
50,18,26,26,58
51,18,26,26,58
52,18,26,26,58
53,18,26,26,58
54,18,26,26,58
55,18,26,26,58
56,18,14,8,48
57,18,26,26,58
58,18,26,26,58
59,18,26,26,58
60,18,26,26,58
61,18,26,26,58
62,18,26,26,58
63,18,26,26,58
0,19,26,26,58
1,19,26,26,58
2,19,26,26,58
3,19,26,26,58
4,19,26,26,58
5,19,26,26,58
6,19,26,26,58
7,19,26,26,58
8,19,15,8,49
9,19,26,26,58
10,19,172,101,51
11,19,26,26,58
12,19,26,26,58
13,19,172,101,51
14,19,26,26,58
15,19,26,26,58
16,19,172,101,51
17,19,26,26,58
18,19,26,26,58
19,19,15,8,49
20,19,26,26,58
21,19,26,26,58
22,19,26,26,58
23,19,26,26,58
24,19,26,26,58
25,19,26,26,58
26,19,26,26,58
27,19,15,8,49
28,19,26,26,58
29,19,26,26,58
30,19,26,26,58
31,19,26,26,58
32,19,26,26,58
33,19,26,26,58
34,19,26,26,58
35,19,26,26,58
36,19,26,26,58
37,19,15,8,49
38,19,26,26,58
39,19,26,26,58
40,19,26,26,58
41,19,26,26,58
42,19,26,26,58
43,19,26,26,58
44,19,15,8,49
45,19,26,26,58
46,19,26,26,58
47,19,26,26,58
48,19,26,26,58
49,19,26,26,58
50,19,26,26,58
51,19,26,26,58
52,19,26,26,58
53,19,26,26,58
54,19,26,26,58
55,19,26,26,58
56,19,15,8,49
57,19,26,26,58
58,19,26,26,58
59,19,26,26,58
60,19,26,26,58
61,19,26,26,58
62,19,26,26,58
63,19,26,26,58
0,20,26,26,58
1,20,172,101,51
2,20,26,26,58
3,20,172,152,103
4,20,26,26,58
5,20,172,152,103
6,20,26,26,58
7,20,26,26,58
8,20,15,8,50
9,20,26,26,58
10,20,26,26,58
11,20,26,26,58
12,20,26,26,58
13,20,26,26,58
14,20,26,26,58
15,20,26,26,58
16,20,26,26,58
17,20,26,26,58
18,20,26,26,58
19,20,15,8,50
20,20,26,26,58
21,20,26,26,58
22,20,26,26,58
23,20,26,26,58
24,20,26,26,58
25,20,26,26,58
26,20,26,26,58
27,20,15,8,50
28,20,26,26,58
29,20,26,26,58
30,20,26,26,58
31,20,26,26,58
32,20,26,26,58
33,20,26,26,58
34,20,26,26,58
35,20,26,26,58
36,20,26,26,58
37,20,15,8,50
38,20,26,26,58
39,20,172,101,51
40,20,26,26,58
41,20,172,152,103
42,20,26,26,58
43,20,26,26,58
44,20,15,8,50
45,20,26,26,58
46,20,26,26,58
47,20,26,26,58
48,20,26,26,58
49,20,26,26,58
50,20,26,26,58
51,20,26,26,58
52,20,26,26,58
53,20,26,26,58
54,20,26,26,58
55,20,26,26,58
56,20,15,8,50
57,20,26,26,58
58,20,172,152,103
59,20,26,26,58
60,20,26,26,58
61,20,172,101,51
62,20,26,26,58
63,20,26,26,58
0,21,26,26,58
1,21,26,26,58
2,21,26,26,58
3,21,26,26,58
4,21,26,26,58
5,21,26,26,58
6,21,26,26,58
7,21,26,26,58
8,21,16,9,51
9,21,26,26,58
10,21,26,26,58
11,21,26,26,58
12,21,26,26,58
13,21,26,26,58
14,21,26,26,58
15,21,26,26,58
16,21,26,26,58
17,21,26,26,58
18,21,26,26,58
19,21,16,9,51
20,21,26,26,58
21,21,172,152,103
22,21,26,26,58
23,21,26,26,58
24,21,172,101,51
25,21,26,26,58
26,21,26,26,58
27,21,16,9,51
28,21,26,26,58
29,21,172,101,51
30,21,26,26,58
31,21,26,26,58
32,21,172,101,51
33,21,26,26,58
34,21,26,26,58
35,21,172,101,51
36,21,26,26,58
37,21,16,9,51
38,21,26,26,58
39,21,26,26,58
40,21,26,26,58
41,21,26,26,58
42,21,26,26,58
43,21,26,26,58
44,21,16,9,51
45,21,26,26,58
46,21,172,152,103
47,21,26,26,58
48,21,26,26,58
49,21,172,152,103
50,21,26,26,58
51,21,26,26,58
52,21,172,152,103
53,21,26,26,58
54,21,26,26,58
55,21,26,26,58
56,21,16,9,51
57,21,26,26,58
58,21,26,26,58
59,21,26,26,58
60,21,26,26,58
61,21,26,26,58
62,21,26,26,58
63,21,26,26,58
0,22,26,26,58
1,22,26,26,58
2,22,26,26,58
3,22,26,26,58
4,22,26,26,58
5,22,26,26,58
6,22,26,26,58
7,22,26,26,58
8,22,16,9,52
9,22,26,26,58
10,22,26,26,58
11,22,26,26,58
12,22,26,26,58
13,22,26,26,58
14,22,26,26,58
15,22,26,26,58
16,22,26,26,58
17,22,26,26,58
18,22,26,26,58
19,22,16,9,52
20,22,26,26,58
21,22,26,26,58
22,22,26,26,58
23,22,26,26,58
24,22,26,26,58
25,22,26,26,58
26,22,26,26,58
27,22,16,9,52
28,22,26,26,58
29,22,26,26,58
30,22,26,26,58
31,22,26,26,58
32,22,26,26,58
33,22,26,26,58
34,22,26,26,58
35,22,26,26,58
36,22,26,26,58
37,22,16,9,52
38,22,26,26,58
39,22,26,26,58
40,22,26,26,58
41,22,26,26,58
42,22,26,26,58
43,22,26,26,58
44,22,16,9,52
45,22,26,26,58
46,22,26,26,58
47,22,26,26,58
48,22,26,26,58
49,22,26,26,58
50,22,26,26,58
51,22,26,26,58
52,22,26,26,58
53,22,26,26,58
54,22,26,26,58
55,22,26,26,58
56,22,16,9,52
57,22,26,26,58
58,22,26,26,58
59,22,26,26,58
60,22,26,26,58
61,22,26,26,58
62,22,26,26,58
63,22,26,26,58
0,23,26,26,58
1,23,26,26,58
2,23,26,26,58
3,23,26,26,58
4,23,26,26,58
5,23,26,26,58
6,23,26,26,58
7,23,26,26,58
8,23,17,9,53
9,23,26,26,58
10,23,172,152,103
11,23,26,26,58
12,23,26,26,58
13,23,172,101,51
14,23,26,26,58
15,23,26,26,58
16,23,172,152,103
17,23,26,26,58
18,23,26,26,58
19,23,17,9,53
20,23,26,26,58
21,23,26,26,58
22,23,26,26,58
23,23,26,26,58
24,23,26,26,58
25,23,26,26,58
26,23,26,26,58
27,23,17,9,53
28,23,26,26,58
29,23,26,26,58
30,23,26,26,58
31,23,26,26,58
32,23,26,26,58
33,23,26,26,58
34,23,26,26,58
35,23,26,26,58
36,23,26,26,58
37,23,17,9,53
38,23,26,26,58
39,23,26,26,58
40,23,26,26,58
41,23,26,26,58
42,23,26,26,58
43,23,26,26,58
44,23,17,9,53
45,23,26,26,58
46,23,26,26,58
47,23,26,26,58
48,23,26,26,58
49,23,26,26,58
50,23,26,26,58
51,23,26,26,58
52,23,26,26,58
53,23,26,26,58
54,23,26,26,58
55,23,26,26,58
56,23,17,9,53
57,23,26,26,58
58,23,26,26,58
59,23,26,26,58
60,23,26,26,58
61,23,26,26,58
62,23,26,26,58
63,23,26,26,58
0,24,26,26,58
1,24,172,152,103
2,24,26,26,58
3,24,172,101,51
4,24,26,26,58
5,24,26,26,58
6,24,26,26,58
7,24,26,26,58
8,24,17,9,54
9,24,26,26,58
10,24,26,26,58
11,24,26,26,58
12,24,26,26,58
13,24,26,26,58
14,24,26,26,58
15,24,26,26,58
16,24,26,26,58
17,24,26,26,58
18,24,26,26,58
19,24,17,9,54
20,24,26,26,58
21,24,26,26,58
22,24,26,26,58
23,24,26,26,58
24,24,26,26,58
25,24,26,26,58
26,24,26,26,58
27,24,17,9,54
28,24,26,26,58
29,24,26,26,58
30,24,26,26,58
31,24,26,26,58
32,24,26,26,58
33,24,26,26,58
34,24,26,26,58
35,24,26,26,58
36,24,26,26,58
37,24,17,9,54
38,24,26,26,58
39,24,172,101,51
40,24,26,26,58
41,24,172,101,51
42,24,26,26,58
43,24,26,26,58
44,24,17,9,54
45,24,26,26,58
46,24,26,26,58
47,24,26,26,58
48,24,26,26,58
49,24,26,26,58
50,24,26,26,58
51,24,26,26,58
52,24,26,26,58
53,24,26,26,58
54,24,26,26,58
55,24,26,26,58
56,24,17,9,54
57,24,26,26,58
58,24,172,101,51
59,24,26,26,58
60,24,26,26,58
61,24,172,101,51
62,24,26,26,58
63,24,26,26,58
0,25,26,26,58
1,25,26,26,58
2,25,26,26,58
3,25,26,26,58
4,25,26,26,58
5,25,26,26,58
6,25,26,26,58
7,25,26,26,58
8,25,18,9,55
9,25,26,26,58
10,25,26,26,58
11,25,26,26,58
12,25,26,26,58
13,25,26,26,58
14,25,26,26,58
15,25,26,26,58
16,25,26,26,58
17,25,26,26,58
18,25,26,26,58
19,25,18,9,55
20,25,26,26,58
21,25,172,101,51
22,25,26,26,58
23,25,26,26,58
24,25,26,26,58
25,25,26,26,58
26,25,26,26,58
27,25,18,9,55
28,25,26,26,58
29,25,172,152,103
30,25,26,26,58
31,25,26,26,58
32,25,172,152,103
33,25,26,26,58
34,25,26,26,58
35,25,26,26,58
36,25,26,26,58
37,25,18,9,55
38,25,26,26,58
39,25,26,26,58
40,25,26,26,58
41,25,26,26,58
42,25,26,26,58
43,25,26,26,58
44,25,18,9,55
45,25,26,26,58
46,25,26,26,58
47,25,26,26,58
48,25,26,26,58
49,25,26,26,58
50,25,26,26,58
51,25,26,26,58
52,25,26,26,58
53,25,26,26,58
54,25,26,26,58
55,25,26,26,58
56,25,18,9,55
57,25,26,26,58
58,25,26,26,58
59,25,26,26,58
60,25,26,26,58
61,25,26,26,58
62,25,26,26,58
63,25,26,26,58
0,26,26,26,58
1,26,26,26,58
2,26,26,26,58
3,26,26,26,58
4,26,26,26,58
5,26,26,26,58
6,26,26,26,58
7,26,26,26,58
8,26,18,9,56
9,26,26,26,58
10,26,26,26,58
11,26,172,152,103
12,26,26,26,58
13,26,26,26,58
14,26,26,26,58
15,26,26,26,58
16,26,26,26,58
17,26,26,26,58
18,26,26,26,58
19,26,18,9,56
20,26,26,26,58
21,26,26,26,58
22,26,26,26,58
23,26,26,26,58
24,26,26,26,58
25,26,26,26,58
26,26,26,26,58
27,26,18,9,56
28,26,26,26,58
29,26,26,26,58
30,26,26,26,58
31,26,26,26,58
32,26,26,26,58
33,26,26,26,58
34,26,26,26,58
35,26,26,26,58
36,26,26,26,58
37,26,18,9,56
38,26,26,26,58
39,26,26,26,58
40,26,26,26,58
41,26,26,26,58
42,26,26,26,58
43,26,26,26,58
44,26,18,9,56
45,26,26,26,58
46,26,26,26,58
47,26,172,152,103
48,26,26,26,58
49,26,26,26,58
50,26,26,26,58
51,26,26,26,58
52,26,26,26,58
53,26,26,26,58
54,26,26,26,58
55,26,26,26,58
56,26,18,9,56
57,26,26,26,58
58,26,26,26,58
59,26,26,26,58
60,26,26,26,58
61,26,26,26,58
62,26,26,26,58
63,26,26,26,58
0,27,26,26,58
1,27,26,26,58
2,27,26,26,58
3,27,26,26,58
4,27,26,26,58
5,27,26,26,58
6,27,26,26,58
7,27,26,26,58
8,27,19,10,57
9,27,26,26,58
10,27,26,26,58
11,27,26,26,58
12,27,26,26,58
13,27,26,26,58
14,27,26,26,58
15,27,26,26,58
16,27,26,26,58
17,27,26,26,58
18,27,26,26,58
19,27,19,10,57
20,27,26,26,58
21,27,26,26,58
22,27,26,26,58
23,27,26,26,58
24,27,26,26,58
25,27,26,26,58
26,27,26,26,58
27,27,19,10,57
28,27,26,26,58
29,27,26,26,58
30,27,26,26,58
31,27,26,26,58
32,27,26,26,58
33,27,26,26,58
34,27,26,26,58
35,27,26,26,58
36,27,26,26,58
37,27,19,10,57
38,27,26,26,58
39,27,26,26,58
40,27,26,26,58
41,27,26,26,58
42,27,26,26,58
43,27,26,26,58
44,27,19,10,57
45,27,26,26,58
46,27,26,26,58
47,27,26,26,58
48,27,26,26,58
49,27,26,26,58
50,27,26,26,58
51,27,26,26,58
52,27,26,26,58
53,27,26,26,58
54,27,26,26,58
55,27,26,26,58
56,27,19,10,57
57,27,26,26,58
58,27,26,26,58
59,27,26,26,58
60,27,26,26,58
61,27,26,26,58
62,27,26,26,58
63,27,26,26,58
0,28,26,26,58
1,28,26,26,58
2,28,26,26,58
3,28,26,26,58
4,28,26,26,58
5,28,26,26,58
6,28,26,26,58
7,28,26,26,58
8,28,19,10,58
9,28,26,26,58
10,28,26,26,58
11,28,26,26,58
12,28,26,26,58
13,28,26,26,58
14,28,26,26,58
15,28,26,26,58
16,28,26,26,58
17,28,26,26,58
18,28,26,26,58
19,28,19,10,58
20,28,26,26,58
21,28,26,26,58
22,28,26,26,58
23,28,26,26,58
24,28,26,26,58
25,28,26,26,58
26,28,26,26,58
27,28,19,10,58
28,28,26,26,58
29,28,26,26,58
30,28,26,26,58
31,28,26,26,58
32,28,26,26,58
33,28,26,26,58
34,28,26,26,58
35,28,26,26,58
36,28,26,26,58
37,28,19,10,58
38,28,26,26,58
39,28,26,26,58
40,28,26,26,58
41,28,26,26,58
42,28,26,26,58
43,28,26,26,58
44,28,19,10,58
45,28,26,26,58
46,28,26,26,58
47,28,26,26,58
48,28,26,26,58
49,28,26,26,58
50,28,26,26,58
51,28,26,26,58
52,28,26,26,58
53,28,26,26,58
54,28,26,26,58
55,28,26,26,58
56,28,19,10,58
57,28,26,26,58
58,28,26,26,58
59,28,26,26,58
60,28,26,26,58
61,28,26,26,58
62,28,26,26,58
63,28,26,26,58
0,29,26,26,58
1,29,26,26,58
2,29,26,26,58
3,29,26,26,58
4,29,26,26,58
5,29,26,26,58
6,29,26,26,58
7,29,26,26,58
8,29,20,10,59
9,29,26,26,58
10,29,26,26,58
11,29,26,26,58
12,29,26,26,58
13,29,26,26,58
14,29,26,26,58
15,29,26,26,58
16,29,26,26,58
17,29,26,26,58
18,29,26,26,58
19,29,20,10,59
20,29,26,26,58
21,29,26,26,58
22,29,26,26,58
23,29,26,26,58
24,29,26,26,58
25,29,26,26,58
26,29,26,26,58
27,29,20,10,59
28,29,26,26,58
29,29,26,26,58
30,29,26,26,58
31,29,26,26,58
32,29,26,26,58
33,29,26,26,58
34,29,26,26,58
35,29,26,26,58
36,29,26,26,58
37,29,20,10,59
38,29,26,26,58
39,29,26,26,58
40,29,26,26,58
41,29,26,26,58
42,29,26,26,58
43,29,26,26,58
44,29,20,10,59
45,29,26,26,58
46,29,26,26,58
47,29,26,26,58
48,29,26,26,58
49,29,26,26,58
50,29,26,26,58
51,29,26,26,58
52,29,26,26,58
53,29,26,26,58
54,29,26,26,58
55,29,26,26,58
56,29,20,10,59
57,29,26,26,58
58,29,26,26,58
59,29,26,26,58
60,29,26,26,58
61,29,26,26,58
62,29,26,26,58
63,29,26,26,58
0,30,17,17,34
1,30,17,17,34
2,30,17,17,34
3,30,17,17,34
4,30,17,17,34
5,30,17,17,34
6,30,17,17,34
7,30,17,17,34
8,30,17,17,34
9,30,17,17,34
10,30,17,17,34
11,30,17,17,34
12,30,17,17,34
13,30,17,17,34
14,30,17,17,34
15,30,17,17,34
16,30,17,17,34
17,30,17,17,34
18,30,17,17,34
19,30,17,17,34
20,30,17,17,34
21,30,17,17,34
22,30,17,17,34
23,30,17,17,34
24,30,17,17,34
25,30,17,17,34
26,30,17,17,34
27,30,17,17,34
28,30,17,17,34
29,30,17,17,34
30,30,17,17,34
31,30,17,17,34
32,30,17,17,34
33,30,17,17,34
34,30,17,17,34
35,30,17,17,34
36,30,17,17,34
37,30,17,17,34
38,30,17,17,34
39,30,17,17,34
40,30,17,17,34
41,30,17,17,34
42,30,17,17,34
43,30,17,17,34
44,30,17,17,34
45,30,17,17,34
46,30,17,17,34
47,30,17,17,34
48,30,17,17,34
49,30,17,17,34
50,30,17,17,34
51,30,17,17,34
52,30,17,17,34
53,30,17,17,34
54,30,17,17,34
55,30,17,17,34
56,30,17,17,34
57,30,17,17,34
58,30,17,17,34
59,30,17,17,34
60,30,17,17,34
61,30,17,17,34
62,30,17,17,34
63,30,17,17,34
0,31,17,17,34
1,31,17,17,34
2,31,17,17,34
3,31,17,17,34
4,31,17,17,34
5,31,17,17,34
6,31,17,17,34
7,31,17,17,34
8,31,17,17,34
9,31,17,17,34
10,31,17,17,34
11,31,17,17,34
12,31,17,17,34
13,31,17,17,34
14,31,17,17,34
15,31,17,17,34
16,31,17,17,34
17,31,17,17,34
18,31,17,17,34
19,31,17,17,34
20,31,17,17,34
21,31,17,17,34
22,31,17,17,34
23,31,17,17,34
24,31,17,17,34
25,31,17,17,34
26,31,17,17,34
27,31,17,17,34
28,31,17,17,34
29,31,17,17,34
30,31,17,17,34
31,31,17,17,34
32,31,17,17,34
33,31,17,17,34
34,31,17,17,34
35,31,17,17,34
36,31,17,17,34
37,31,17,17,34
38,31,17,17,34
39,31,17,17,34
40,31,17,17,34
41,31,17,17,34
42,31,17,17,34
43,31,17,17,34
44,31,17,17,34
45,31,17,17,34
46,31,17,17,34
47,31,17,17,34
48,31,17,17,34
49,31,17,17,34
50,31,17,17,34
51,31,17,17,34
52,31,17,17,34
53,31,17,17,34
54,31,17,17,34
55,31,17,17,34
56,31,17,17,34
57,31,17,17,34
58,31,17,17,34
59,31,17,17,34
60,31,17,17,34
61,31,17,17,34
62,31,17,17,34
63,31,17,17,34
0,32,17,17,34
1,32,17,17,34
2,32,17,17,34
3,32,17,17,34
4,32,17,17,34
5,32,17,17,34
6,32,17,17,34
7,32,17,17,34
8,32,17,17,34
9,32,17,17,34
10,32,17,17,34
11,32,17,17,34
12,32,17,17,34
13,32,17,17,34
14,32,17,17,34
15,32,17,17,34
16,32,17,17,34
17,32,17,17,34
18,32,17,17,34
19,32,17,17,34
20,32,17,17,34
21,32,17,17,34
22,32,17,17,34
23,32,17,17,34
24,32,17,17,34
25,32,17,17,34
26,32,17,17,34
27,32,17,17,34
28,32,17,17,34
29,32,17,17,34
30,32,17,17,34
31,32,17,17,34
32,32,17,17,34
33,32,17,17,34
34,32,17,17,34
35,32,17,17,34
36,32,17,17,34
37,32,17,17,34
38,32,17,17,34
39,32,17,17,34
40,32,17,17,34
41,32,17,17,34
42,32,17,17,34
43,32,17,17,34
44,32,17,17,34
45,32,17,17,34
46,32,17,17,34
47,32,17,17,34
48,32,17,17,34
49,32,17,17,34
50,32,17,17,34
51,32,17,17,34
52,32,17,17,34
53,32,17,17,34
54,32,17,17,34
55,32,17,17,34
56,32,17,17,34
57,32,17,17,34
58,32,17,17,34
59,32,17,17,34
60,32,17,17,34
61,32,17,17,34
62,32,17,17,34
63,32,17,17,34
0,33,17,17,34
1,33,17,17,34
2,33,17,17,34
3,33,17,17,34
4,33,17,17,34
5,33,17,17,34
6,33,17,17,34
7,33,17,17,34
8,33,17,17,34
9,33,17,17,34
10,33,17,17,34
11,33,17,17,34
12,33,17,17,34
13,33,17,17,34
14,33,17,17,34
15,33,17,17,34
16,33,17,17,34
17,33,17,17,34
18,33,17,17,34
19,33,17,17,34
20,33,17,17,34
21,33,17,17,34
22,33,17,17,34
23,33,17,17,34
24,33,17,17,34
25,33,17,17,34
26,33,17,17,34
27,33,17,17,34
28,33,17,17,34
29,33,17,17,34
30,33,17,17,34
31,33,17,17,34
32,33,17,17,34
33,33,17,17,34
34,33,17,17,34
35,33,17,17,34
36,33,17,17,34
37,33,17,17,34
38,33,17,17,34
39,33,17,17,34
40,33,17,17,34
41,33,17,17,34
42,33,17,17,34
43,33,17,17,34
44,33,17,17,34
45,33,17,17,34
46,33,17,17,34
47,33,17,17,34
48,33,17,17,34
49,33,17,17,34
50,33,17,17,34
51,33,17,17,34
52,33,17,17,34
53,33,17,17,34
54,33,17,17,34
55,33,17,17,34
56,33,17,17,34
57,33,17,17,34
58,33,17,17,34
59,33,17,17,34
60,33,17,17,34
61,33,17,17,34
62,33,17,17,34
63,33,17,17,34
0,34,17,17,34
1,34,17,17,34
2,34,17,17,34
3,34,17,17,34
4,34,17,17,34
5,34,230,44,31
6,34,149,33,32
7,34,17,17,34
8,34,17,17,34
9,34,17,17,34
10,34,17,17,34
11,34,17,17,34
12,34,17,17,34
13,34,17,17,34
14,34,17,17,34
15,34,17,17,34
16,34,17,17,34
17,34,17,17,34
18,34,17,17,34
19,34,17,17,34
20,34,17,17,34
21,34,17,17,34
22,34,17,17,34
23,34,17,17,34
24,34,17,17,34
25,34,17,17,34
26,34,17,17,34
27,34,17,17,34
28,34,17,17,34
29,34,17,17,34
30,34,17,17,34
31,34,17,17,34
32,34,17,17,34
33,34,17,17,34
34,34,17,17,34
35,34,17,17,34
36,34,17,17,34
37,34,17,17,34
38,34,17,17,34
39,34,17,17,34
40,34,17,17,34
41,34,17,17,34
42,34,17,17,34
43,34,17,17,34
44,34,17,17,34
45,34,17,17,34
46,34,17,17,34
47,34,17,17,34
48,34,17,17,34
49,34,17,17,34
50,34,17,17,34
51,34,17,17,34
52,34,17,17,34
53,34,17,17,34
54,34,17,17,34
55,34,207,54,44
56,34,130,38,40
57,34,17,17,34
58,34,17,17,34
59,34,17,17,34
60,34,17,17,34
61,34,17,17,34
62,34,17,17,34
63,34,17,17,34
0,35,17,17,34
1,35,17,17,34
2,35,17,17,34
3,35,17,17,34
4,35,17,17,34
5,35,17,17,34
6,35,17,17,34
7,35,17,17,34
8,35,17,17,34
9,35,17,17,34
10,35,17,17,34
11,35,17,17,34
12,35,17,17,34
13,35,17,17,34
14,35,17,17,34
15,35,17,17,34
16,35,17,17,34
17,35,17,17,34
18,35,17,17,34
19,35,17,17,34
20,35,17,17,34
21,35,17,17,34
22,35,17,17,34
23,35,17,17,34
24,35,17,17,34
25,35,17,17,34
26,35,17,17,34
27,35,17,17,34
28,35,17,17,34
29,35,17,17,34
30,35,17,17,34
31,35,17,17,34
32,35,17,17,34
33,35,17,17,34
34,35,17,17,34
35,35,17,17,34
36,35,17,17,34
37,35,17,17,34
38,35,17,17,34
39,35,17,17,34
40,35,17,17,34
41,35,17,17,34
42,35,17,17,34
43,35,17,17,34
44,35,17,17,34
45,35,17,17,34
46,35,17,17,34
47,35,17,17,34
48,35,17,17,34
49,35,17,17,34
50,35,17,17,34
51,35,17,17,34
52,35,17,17,34
53,35,17,17,34
54,35,17,17,34
55,35,17,17,34
56,35,17,17,34
57,35,17,17,34
58,35,17,17,34
59,35,17,17,34
60,35,17,17,34
61,35,17,17,34
62,35,17,17,34
63,35,17,17,34
0,36,17,17,34
1,36,17,17,34
2,36,17,17,34
3,36,17,17,34
4,36,17,17,34
5,36,17,17,34
6,36,17,17,34
7,36,17,17,34
8,36,17,17,34
9,36,17,17,34
10,36,17,17,34
11,36,17,17,34
12,36,17,17,34
13,36,17,17,34
14,36,17,17,34
15,36,17,17,34
16,36,17,17,34
17,36,17,17,34
18,36,17,17,34
19,36,17,17,34
20,36,17,17,34
21,36,17,17,34
22,36,17,17,34
23,36,17,17,34
24,36,17,17,34
25,36,17,17,34
26,36,17,17,34
27,36,17,17,34
28,36,17,17,34
29,36,17,17,34
30,36,17,17,34
31,36,17,17,34
32,36,17,17,34
33,36,17,17,34
34,36,17,17,34
35,36,17,17,34
36,36,17,17,34
37,36,17,17,34
38,36,17,17,34
39,36,17,17,34
40,36,17,17,34
41,36,17,17,34
42,36,17,17,34
43,36,17,17,34
44,36,17,17,34
45,36,207,207,108
46,36,130,130,78
47,36,17,17,34
48,36,17,17,34
49,36,17,17,34
50,36,17,17,34
51,36,17,17,34
52,36,17,17,34
53,36,17,17,34
54,36,17,17,34
55,36,17,17,34
56,36,17,17,34
57,36,17,17,34
58,36,17,17,34
59,36,17,17,34
60,36,17,17,34
61,36,17,17,34
62,36,17,17,34
63,36,17,17,34
0,37,17,17,34
1,37,17,17,34
2,37,17,17,34
3,37,17,17,34
4,37,17,17,34
5,37,17,17,34
6,37,17,17,34
7,37,17,17,34
8,37,17,17,34
9,37,17,17,34
10,37,17,17,34
11,37,17,17,34
12,37,17,17,34
13,37,17,17,34
14,37,17,17,34
15,37,17,17,34
16,37,17,17,34
17,37,17,17,34
18,37,17,17,34
19,37,17,17,34
20,37,17,17,34
21,37,17,17,34
22,37,17,17,34
23,37,17,17,34
24,37,17,17,34
25,37,17,17,34
26,37,17,17,34
27,37,17,17,34
28,37,17,17,34
29,37,17,17,34
30,37,17,17,34
31,37,17,17,34
32,37,17,17,34
33,37,17,17,34
34,37,17,17,34
35,37,17,17,34
36,37,17,17,34
37,37,17,17,34
38,37,17,17,34
39,37,17,17,34
40,37,17,17,34
41,37,17,17,34
42,37,17,17,34
43,37,17,17,34
44,37,17,17,34
45,37,17,17,34
46,37,17,17,34
47,37,17,17,34
48,37,17,17,34
49,37,17,17,34
50,37,17,17,34
51,37,17,17,34
52,37,17,17,34
53,37,17,17,34
54,37,17,17,34
55,37,17,17,34
56,37,17,17,34
57,37,17,17,34
58,37,17,17,34
59,37,17,17,34
60,37,17,17,34
61,37,17,17,34
62,37,17,17,34
63,37,17,17,34
0,38,207,182,70
1,38,207,182,70
2,38,207,182,70
3,38,54,49,40
4,38,17,17,34
5,38,17,17,34
6,38,17,17,34
7,38,17,17,34
8,38,207,182,70
9,38,207,182,70
10,38,207,182,70
11,38,54,49,40
12,38,17,17,34
13,38,17,17,34
14,38,17,17,34
15,38,17,17,34
16,38,207,182,70
17,38,207,182,70
18,38,207,182,70
19,38,54,49,40
20,38,17,17,34
21,38,17,17,34
22,38,17,17,34
23,38,17,17,34
24,38,207,182,70
25,38,207,182,70
26,38,207,182,70
27,38,54,49,40
28,38,17,17,34
29,38,17,17,34
30,38,17,17,34
31,38,17,17,34
32,38,207,182,70
33,38,207,182,70
34,38,207,182,70
35,38,54,49,40
36,38,17,17,34
37,38,17,17,34
38,38,17,17,34
39,38,17,17,34
40,38,207,182,70
41,38,207,182,70
42,38,207,182,70
43,38,54,49,40
44,38,17,17,34
45,38,17,17,34
46,38,17,17,34
47,38,17,17,34
48,38,207,182,70
49,38,207,182,70
50,38,207,182,70
51,38,54,49,40
52,38,17,17,34
53,38,17,17,34
54,38,17,17,34
55,38,17,17,34
56,38,207,182,70
57,38,207,182,70
58,38,207,182,70
59,38,54,49,40
60,38,17,17,34
61,38,17,17,34
62,38,17,17,34
63,38,17,17,34
0,39,17,17,34
1,39,17,17,34
2,39,17,17,34
3,39,17,17,34
4,39,17,17,34
5,39,17,17,34
6,39,17,17,34
7,39,17,17,34
8,39,17,17,34
9,39,17,17,34
10,39,17,17,34
11,39,17,17,34
12,39,17,17,34
13,39,17,17,34
14,39,17,17,34
15,39,17,17,34
16,39,17,17,34
17,39,17,17,34
18,39,17,17,34
19,39,17,17,34
20,39,17,17,34
21,39,17,17,34
22,39,17,17,34
23,39,17,17,34
24,39,17,17,34
25,39,17,17,34
26,39,17,17,34
27,39,17,17,34
28,39,17,17,34
29,39,17,17,34
30,39,17,17,34
31,39,17,17,34
32,39,17,17,34
33,39,17,17,34
34,39,17,17,34
35,39,17,17,34
36,39,17,17,34
37,39,17,17,34
38,39,17,17,34
39,39,17,17,34
40,39,17,17,34
41,39,17,17,34
42,39,17,17,34
43,39,17,17,34
44,39,17,17,34
45,39,17,17,34
46,39,17,17,34
47,39,17,17,34
48,39,17,17,34
49,39,17,17,34
50,39,17,17,34
51,39,17,17,34
52,39,17,17,34
53,39,17,17,34
54,39,17,17,34
55,39,17,17,34
56,39,17,17,34
57,39,17,17,34
58,39,17,17,34
59,39,17,17,34
60,39,17,17,34
61,39,17,17,34
62,39,17,17,34
63,39,17,17,34
0,40,17,17,34
1,40,17,17,34
2,40,17,17,34
3,40,17,17,34
4,40,17,17,34
5,40,17,17,34
6,40,17,17,34
7,40,17,17,34
8,40,17,17,34
9,40,17,17,34
10,40,17,17,34
11,40,17,17,34
12,40,17,17,34
13,40,17,17,34
14,40,17,17,34
15,40,17,17,34
16,40,17,17,34
17,40,17,17,34
18,40,17,17,34
19,40,17,17,34
20,40,17,17,34
21,40,17,17,34
22,40,17,17,34
23,40,17,17,34
24,40,17,17,34
25,40,17,17,34
26,40,17,17,34
27,40,17,17,34
28,40,17,17,34
29,40,17,17,34
30,40,17,17,34
31,40,17,17,34
32,40,17,17,34
33,40,17,17,34
34,40,17,17,34
35,40,17,17,34
36,40,17,17,34
37,40,17,17,34
38,40,17,17,34
39,40,17,17,34
40,40,17,17,34
41,40,17,17,34
42,40,17,17,34
43,40,17,17,34
44,40,17,17,34
45,40,17,17,34
46,40,17,17,34
47,40,17,17,34
48,40,17,17,34
49,40,17,17,34
50,40,17,17,34
51,40,17,17,34
52,40,17,17,34
53,40,17,17,34
54,40,17,17,34
55,40,17,17,34
56,40,17,17,34
57,40,17,17,34
58,40,17,17,34
59,40,17,17,34
60,40,17,17,34
61,40,17,17,34
62,40,17,17,34
63,40,17,17,34
0,41,17,17,34
1,41,17,17,34
2,41,17,17,34
3,41,17,17,34
4,41,17,17,34
5,41,17,17,34
6,41,17,17,34
7,41,17,17,34
8,41,17,17,34
9,41,17,17,34
10,41,17,17,34
11,41,17,17,34
12,41,17,17,34
13,41,17,17,34
14,41,17,17,34
15,41,17,17,34
16,41,17,17,34
17,41,17,17,34
18,41,17,17,34
19,41,17,17,34
20,41,17,17,34
21,41,17,17,34
22,41,17,17,34
23,41,17,17,34
24,41,17,17,34
25,41,17,17,34
26,41,17,17,34
27,41,17,17,34
28,41,17,17,34
29,41,17,17,34
30,41,17,17,34
31,41,17,17,34
32,41,17,17,34
33,41,17,17,34
34,41,17,17,34
35,41,17,17,34
36,41,17,17,34
37,41,17,17,34
38,41,17,17,34
39,41,17,17,34
40,41,17,17,34
41,41,17,17,34
42,41,17,17,34
43,41,17,17,34
44,41,17,17,34
45,41,17,17,34
46,41,17,17,34
47,41,17,17,34
48,41,17,17,34
49,41,17,17,34
50,41,17,17,34
51,41,17,17,34
52,41,17,17,34
53,41,17,17,34
54,41,17,17,34
55,41,17,17,34
56,41,17,17,34
57,41,17,17,34
58,41,17,17,34
59,41,17,17,34
60,41,17,17,34
61,41,17,17,34
62,41,17,17,34
63,41,17,17,34
0,42,17,17,34
1,42,17,17,34
2,42,17,17,34
3,42,17,17,34
4,42,17,17,34
5,42,17,17,34
6,42,17,17,34
7,42,17,17,34
8,42,17,17,34
9,42,17,17,34
10,42,17,17,34
11,42,17,17,34
12,42,17,17,34
13,42,17,17,34
14,42,17,17,34
15,42,17,17,34
16,42,17,17,34
17,42,17,17,34
18,42,17,17,34
19,42,17,17,34
20,42,17,17,34
21,42,17,17,34
22,42,17,17,34
23,42,17,17,34
24,42,17,17,34
25,42,17,17,34
26,42,17,17,34
27,42,17,17,34
28,42,17,17,34
29,42,17,17,34
30,42,17,17,34
31,42,17,17,34
32,42,17,17,34
33,42,17,17,34
34,42,17,17,34
35,42,17,17,34
36,42,17,17,34
37,42,17,17,34
38,42,17,17,34
39,42,17,17,34
40,42,17,17,34
41,42,17,17,34
42,42,17,17,34
43,42,17,17,34
44,42,17,17,34
45,42,17,17,34
46,42,17,17,34
47,42,17,17,34
48,42,17,17,34
49,42,17,17,34
50,42,17,17,34
51,42,17,17,34
52,42,17,17,34
53,42,17,17,34
54,42,17,17,34
55,42,17,17,34
56,42,17,17,34
57,42,17,17,34
58,42,17,17,34
59,42,17,17,34
60,42,17,17,34
61,42,17,17,34
62,42,17,17,34
63,42,17,17,34
0,43,17,17,34
1,43,17,17,34
2,43,17,17,34
3,43,17,17,34
4,43,17,17,34
5,43,17,17,34
6,43,17,17,34
7,43,17,17,34
8,43,17,17,34
9,43,17,17,34
10,43,17,17,34
11,43,17,17,34
12,43,17,17,34
13,43,17,17,34
14,43,17,17,34
15,43,17,17,34
16,43,17,17,34
17,43,17,17,34
18,43,17,17,34
19,43,17,17,34
20,43,17,17,34
21,43,17,17,34
22,43,17,17,34
23,43,17,17,34
24,43,17,17,34
25,43,17,17,34
26,43,17,17,34
27,43,17,17,34
28,43,17,17,34
29,43,17,17,34
30,43,17,17,34
31,43,17,17,34
32,43,17,17,34
33,43,17,17,34
34,43,17,17,34
35,43,17,17,34
36,43,17,17,34
37,43,17,17,34
38,43,17,17,34
39,43,17,17,34
40,43,17,17,34
41,43,17,17,34
42,43,17,17,34
43,43,17,17,34
44,43,17,17,34
45,43,17,17,34
46,43,17,17,34
47,43,17,17,34
48,43,17,17,34
49,43,17,17,34
50,43,17,17,34
51,43,17,17,34
52,43,17,17,34
53,43,17,17,34
54,43,17,17,34
55,43,17,17,34
56,43,17,17,34
57,43,17,17,34
58,43,17,17,34
59,43,17,17,34
60,43,17,17,34
61,43,17,17,34
62,43,17,17,34
63,43,17,17,34
0,44,17,17,34
1,44,17,17,34
2,44,17,17,34
3,44,17,17,34
4,44,17,17,34
5,44,17,17,34
6,44,17,17,34
7,44,17,17,34
8,44,17,17,34
9,44,17,17,34
10,44,17,17,34
11,44,17,17,34
12,44,17,17,34
13,44,17,17,34
14,44,17,17,34
15,44,17,17,34
16,44,17,17,34
17,44,17,17,34
18,44,17,17,34
19,44,17,17,34
20,44,17,17,34
21,44,17,17,34
22,44,17,17,34
23,44,17,17,34
24,44,17,17,34
25,44,17,17,34
26,44,17,17,34
27,44,17,17,34
28,44,17,17,34
29,44,17,17,34
30,44,17,17,34
31,44,17,17,34
32,44,17,17,34
33,44,17,17,34
34,44,17,17,34
35,44,17,17,34
36,44,17,17,34
37,44,17,17,34
38,44,17,17,34
39,44,17,17,34
40,44,17,17,34
41,44,17,17,34
42,44,17,17,34
43,44,17,17,34
44,44,17,17,34
45,44,17,17,34
46,44,17,17,34
47,44,17,17,34
48,44,17,17,34
49,44,17,17,34
50,44,17,17,34
51,44,17,17,34
52,44,17,17,34
53,44,17,17,34
54,44,17,17,34
55,44,17,17,34
56,44,17,17,34
57,44,17,17,34
58,44,17,17,34
59,44,17,17,34
60,44,17,17,34
61,44,17,17,34
62,44,17,17,34
63,44,17,17,34
0,45,17,17,34
1,45,17,17,34
2,45,17,17,34
3,45,17,17,34
4,45,17,17,34
5,45,17,17,34
6,45,17,17,34
7,45,17,17,34
8,45,17,17,34
9,45,17,17,34
10,45,17,17,34
11,45,17,17,34
12,45,17,17,34
13,45,17,17,34
14,45,17,17,34
15,45,17,17,34
16,45,17,17,34
17,45,17,17,34
18,45,17,17,34
19,45,17,17,34
20,45,17,17,34
21,45,17,17,34
22,45,17,17,34
23,45,17,17,34
24,45,17,17,34
25,45,17,17,34
26,45,17,17,34
27,45,17,17,34
28,45,17,17,34
29,45,17,17,34
30,45,17,17,34
31,45,17,17,34
32,45,17,17,34
33,45,17,17,34
34,45,17,17,34
35,45,17,17,34
36,45,17,17,34
37,45,17,17,34
38,45,17,17,34
39,45,17,17,34
40,45,17,17,34
41,45,17,17,34
42,45,17,17,34
43,45,17,17,34
44,45,17,17,34
45,45,17,17,34
46,45,17,17,34
47,45,17,17,34
48,45,17,17,34
49,45,17,17,34
50,45,17,17,34
51,45,17,17,34
52,45,17,17,34
53,45,17,17,34
54,45,17,17,34
55,45,17,17,34
56,45,17,17,34
57,45,17,17,34
58,45,17,17,34
59,45,17,17,34
60,45,17,17,34
61,45,17,17,34
62,45,17,17,34
63,45,17,17,34
0,46,17,17,34
1,46,17,17,34
2,46,17,17,34
3,46,17,17,34
4,46,17,17,34
5,46,17,17,34
6,46,17,17,34
7,46,17,17,34
8,46,17,17,34
9,46,17,17,34
10,46,17,17,34
11,46,17,17,34
12,46,17,17,34
13,46,17,17,34
14,46,17,17,34
15,46,17,17,34
16,46,17,17,34
17,46,17,17,34
18,46,17,17,34
19,46,17,17,34
20,46,17,17,34
21,46,17,17,34
22,46,17,17,34
23,46,17,17,34
24,46,17,17,34
25,46,17,17,34
26,46,17,17,34
27,46,17,17,34
28,46,17,17,34
29,46,17,17,34
30,46,17,17,34
31,46,17,17,34
32,46,17,17,34
33,46,17,17,34
34,46,17,17,34
35,46,17,17,34
36,46,17,17,34
37,46,17,17,34
38,46,17,17,34
39,46,17,17,34
40,46,17,17,34
41,46,17,17,34
42,46,17,17,34
43,46,17,17,34
44,46,17,17,34
45,46,17,17,34
46,46,17,17,34
47,46,17,17,34
48,46,17,17,34
49,46,17,17,34
50,46,17,17,34
51,46,17,17,34
52,46,17,17,34
53,46,17,17,34
54,46,17,17,34
55,46,17,17,34
56,46,17,17,34
57,46,17,17,34
58,46,17,17,34
59,46,17,17,34
60,46,17,17,34
61,46,17,17,34
62,46,17,17,34
63,46,17,17,34
0,47,17,17,34
1,47,17,17,34
2,47,17,17,34
3,47,17,17,34
4,47,17,17,34
5,47,17,17,34
6,47,17,17,34
7,47,17,17,34
8,47,17,17,34
9,47,17,17,34
10,47,17,17,34
11,47,17,17,34
12,47,17,17,34
13,47,17,17,34
14,47,17,17,34
15,47,17,17,34
16,47,17,17,34
17,47,17,17,34
18,47,17,17,34
19,47,17,17,34
20,47,17,17,34
21,47,17,17,34
22,47,17,17,34
23,47,17,17,34
24,47,17,17,34
25,47,17,17,34
26,47,17,17,34
27,47,17,17,34
28,47,17,17,34
29,47,17,17,34
30,47,17,17,34
31,47,17,17,34
32,47,17,17,34
33,47,17,17,34
34,47,17,17,34
35,47,17,17,34
36,47,17,17,34
37,47,17,17,34
38,47,17,17,34
39,47,17,17,34
40,47,17,17,34
41,47,17,17,34
42,47,17,17,34
43,47,17,17,34
44,47,17,17,34
45,47,17,17,34
46,47,17,17,34
47,47,17,17,34
48,47,17,17,34
49,47,17,17,34
50,47,17,17,34
51,47,17,17,34
52,47,17,17,34
53,47,17,17,34
54,47,17,17,34
55,47,17,17,34
56,47,17,17,34
57,47,17,17,34
58,47,17,17,34
59,47,17,17,34
60,47,17,17,34
61,47,17,17,34
62,47,17,17,34
63,47,17,17,34