0,0,255,80,20
1,0,255,80,20
2,0,255,80,20
3,0,255,80,20
4,0,255,80,20
5,0,255,80,20
6,0,255,80,20
7,0,255,80,20
8,0,255,80,20
9,0,255,80,20
10,0,255,80,20
11,0,255,80,20
12,0,255,80,20
13,0,255,80,20
14,0,255,80,20
15,0,255,80,20
16,0,255,80,20
17,0,255,80,20
18,0,255,80,20
19,0,255,80,20
20,0,255,80,20
21,0,255,80,20
22,0,255,80,20
23,0,255,80,20
24,0,255,80,20
25,0,255,80,20
26,0,255,80,20
27,0,255,80,20
28,0,255,80,20
29,0,255,80,20
30,0,255,80,20
31,0,255,80,20
32,0,255,80,20
33,0,255,80,20
34,0,255,80,20
35,0,255,80,20
36,0,255,80,20
37,0,255,80,20
38,0,255,80,20
39,0,255,80,20
40,0,255,80,20
41,0,255,80,20
42,0,255,80,20
43,0,255,80,20
44,0,255,80,20
45,0,255,80,20
46,0,255,80,20
47,0,255,80,20
48,0,255,80,20
49,0,255,80,20
50,0,255,80,20
51,0,255,80,20
52,0,255,80,20
53,0,255,80,20
54,0,255,80,20
55,0,255,80,20
56,0,255,80,20
57,0,255,80,20
58,0,255,80,20
59,0,255,80,20
60,0,255,80,20
61,0,255,80,20
62,0,255,80,20
63,0,255,80,20
0,1,255,87,22
1,1,255,87,22
2,1,255,87,22
3,1,255,87,22
4,1,255,87,22
5,1,255,87,22
6,1,255,87,22
7,1,255,87,22
8,1,255,87,22
9,1,255,87,22
10,1,255,87,22
11,1,255,87,22
12,1,255,87,22
13,1,255,87,22
14,1,255,87,22
15,1,255,87,22
16,1,255,87,22
17,1,255,87,22
18,1,255,87,22
19,1,255,87,22
20,1,255,87,22
21,1,255,87,22
22,1,255,87,22
23,1,255,87,22
24,1,255,87,22
25,1,255,87,22
26,1,255,87,22
27,1,255,87,22
28,1,255,87,22
29,1,255,87,22
30,1,255,87,22
31,1,255,87,22
32,1,255,87,22
33,1,255,87,22
34,1,255,87,22
35,1,255,87,22
36,1,255,87,22
37,1,255,87,22
38,1,255,87,22
39,1,255,87,22
40,1,255,87,22
41,1,255,87,22
42,1,255,87,22
43,1,255,87,22
44,1,255,87,22
45,1,255,87,22
46,1,255,87,22
47,1,255,87,22
48,1,255,87,22
49,1,255,87,22
50,1,255,87,22
51,1,255,87,22
52,1,255,87,22
53,1,255,87,22
54,1,255,87,22
55,1,255,87,22
56,1,255,87,22
57,1,255,87,22
58,1,255,87,22
59,1,255,87,22
60,1,255,87,22
61,1,255,87,22
62,1,255,87,22
63,1,255,87,22
0,2,255,95,24
1,2,255,95,24
2,2,255,95,24
3,2,255,95,24
4,2,255,95,24
5,2,255,95,24
6,2,255,95,24
7,2,255,95,24
8,2,255,95,24
9,2,255,95,24
10,2,255,95,24
11,2,255,95,24
12,2,255,95,24
13,2,255,95,24
14,2,255,95,24
15,2,255,95,24
16,2,255,95,24
17,2,255,95,24
18,2,255,95,24
19,2,255,95,24
20,2,255,95,24
21,2,255,95,24
22,2,255,95,24
23,2,255,95,24
24,2,255,95,24
25,2,255,95,24
26,2,255,95,24
27,2,255,95,24
28,2,255,95,24
29,2,255,95,24
30,2,255,95,24
31,2,255,95,24
32,2,255,95,24
33,2,255,95,24
34,2,255,95,24
35,2,255,95,24
36,2,255,95,24
37,2,255,95,24
38,2,255,95,24
39,2,255,95,24
40,2,255,95,24
41,2,255,95,24
42,2,255,95,24
43,2,255,95,24
44,2,255,95,24
45,2,255,95,24
46,2,255,95,24
47,2,255,95,24
48,2,255,95,24
49,2,255,95,24
50,2,255,95,24
51,2,255,95,24
52,2,255,95,24
53,2,255,95,24
54,2,255,95,24
55,2,255,95,24
56,2,255,95,24
57,2,255,95,24
58,2,255,95,24
59,2,255,95,24
60,2,255,95,24
61,2,255,95,24
62,2,255,95,24
63,2,255,95,24
0,3,255,102,26
1,3,255,102,26
2,3,255,102,26
3,3,255,102,26
4,3,255,102,26
5,3,255,102,26
6,3,255,102,26
7,3,255,102,26
8,3,255,102,26
9,3,255,102,26
10,3,255,102,26
11,3,255,102,26
12,3,255,102,26
13,3,255,102,26
14,3,255,102,26
15,3,255,102,26
16,3,255,102,26
17,3,255,102,26
18,3,255,102,26
19,3,255,102,26
20,3,255,102,26
21,3,255,102,26
22,3,255,102,26
23,3,255,102,26
24,3,255,102,26
25,3,255,102,26
26,3,255,102,26
27,3,255,102,26
28,3,255,102,26
29,3,255,102,26
30,3,255,102,26
31,3,255,102,26
32,3,255,102,26
33,3,255,102,26
34,3,255,102,26
35,3,255,102,26
36,3,255,102,26
37,3,255,102,26
38,3,255,102,26
39,3,255,102,26
40,3,255,102,26
41,3,255,102,26
42,3,255,102,26
43,3,255,102,26
44,3,255,102,26
45,3,255,102,26
46,3,255,102,26
47,3,255,102,26
48,3,255,102,26
49,3,255,102,26
50,3,255,102,26
51,3,255,102,26
52,3,255,102,26
53,3,255,102,26
54,3,255,102,26
55,3,255,102,26
56,3,255,102,26
57,3,255,102,26
58,3,255,102,26
59,3,255,102,26
60,3,255,102,26
61,3,255,102,26
62,3,255,102,26
63,3,255,102,26
0,4,255,110,27
1,4,255,110,27
2,4,255,110,27
3,4,255,110,27
4,4,255,110,27
5,4,255,110,27
6,4,255,110,27
7,4,255,110,27
8,4,255,110,27
9,4,255,110,27
10,4,255,110,27
11,4,255,110,27
12,4,255,110,27
13,4,255,110,27
14,4,255,110,27
15,4,255,110,27
16,4,255,110,27
17,4,255,110,27
18,4,255,110,27
19,4,255,110,27
20,4,255,110,27
21,4,255,110,27
22,4,255,110,27
23,4,255,110,27
24,4,255,110,27
25,4,255,110,27
26,4,255,110,27
27,4,255,110,27
28,4,255,110,27
29,4,255,110,27
30,4,255,110,27
31,4,255,110,27
32,4,255,110,27
33,4,255,110,27
34,4,255,110,27
35,4,255,110,27
36,4,255,110,27
37,4,255,110,27
38,4,255,110,27
39,4,255,110,27
40,4,255,110,27
41,4,255,110,27
42,4,255,110,27
43,4,255,110,27
44,4,255,110,27
45,4,255,110,27
46,4,255,110,27
47,4,255,110,27
48,4,255,110,27
49,4,255,110,27
50,4,255,110,27
51,4,255,110,27
52,4,255,110,27
53,4,255,110,27
54,4,255,110,27
55,4,255,110,27
56,4,255,110,27
57,4,255,110,27
58,4,255,110,27
59,4,255,110,27
60,4,255,110,27
61,4,255,110,27
62,4,255,110,27
63,4,255,110,27
0,5,255,117,29
1,5,255,117,29
2,5,255,117,29
3,5,255,117,29
4,5,255,117,29
5,5,255,117,29
6,5,255,117,29
7,5,255,117,29
8,5,255,117,29
9,5,255,117,29
10,5,255,117,29
11,5,255,117,29
12,5,255,117,29
13,5,255,117,29
14,5,255,117,29
15,5,255,117,29
16,5,255,117,29
17,5,255,117,29
18,5,255,117,29
19,5,255,117,29
20,5,255,117,29
21,5,255,117,29
22,5,255,117,29
23,5,255,117,29
24,5,255,117,29
25,5,255,117,29
26,5,255,117,29
27,5,255,117,29
28,5,255,117,29
29,5,255,117,29
30,5,255,117,29
31,5,255,117,29
32,5,255,117,29
33,5,255,117,29
34,5,255,117,29
35,5,255,117,29
36,5,255,117,29
37,5,255,117,29
38,5,255,117,29
39,5,255,117,29
40,5,255,117,29
41,5,255,117,29
42,5,255,117,29
43,5,255,117,29
44,5,255,117,29
45,5,255,117,29
46,5,255,117,29
47,5,255,117,29
48,5,255,117,29
49,5,255,117,29
50,5,255,117,29
51,5,255,117,29
52,5,255,117,29
53,5,255,117,29
54,5,255,117,29
55,5,255,117,29
56,5,255,117,29
57,5,255,117,29
58,5,255,117,29
59,5,255,117,29
60,5,255,117,29
61,5,255,117,29
62,5,255,117,29
63,5,255,117,29
0,6,255,124,31
1,6,255,124,31
2,6,255,124,31
3,6,255,124,31
4,6,255,124,31
5,6,255,124,31
6,6,255,124,31
7,6,255,124,31
8,6,255,124,31
9,6,255,124,31
10,6,255,124,31
11,6,255,124,31
12,6,255,124,31
13,6,255,124,31
14,6,255,124,31
15,6,255,124,31
16,6,255,124,31
17,6,255,124,31
18,6,255,124,31
19,6,255,124,31
20,6,255,124,31
21,6,255,124,31
22,6,255,124,31
23,6,255,124,31
24,6,255,124,31
25,6,255,124,31
26,6,255,124,31
27,6,255,124,31
28,6,255,124,31
29,6,255,124,31
30,6,255,124,31
31,6,255,124,31
32,6,255,124,31
33,6,255,124,31
34,6,255,124,31
35,6,255,124,31
36,6,255,124,31
37,6,255,124,31
38,6,255,124,31
39,6,255,124,31
40,6,255,124,31
41,6,255,124,31
42,6,255,124,31
43,6,255,124,31
44,6,255,124,31
45,6,255,124,31
46,6,255,124,31
47,6,255,124,31
48,6,255,124,31
49,6,255,124,31
50,6,255,124,31
51,6,255,124,31
52,6,255,124,31
53,6,255,124,31
54,6,255,124,31
55,6,255,124,31
56,6,255,124,31
57,6,255,124,31
58,6,255,124,31
59,6,255,124,31
60,6,255,124,31
61,6,255,124,31
62,6,255,124,31
63,6,255,124,31
0,7,255,132,33
1,7,255,132,33
2,7,255,132,33
3,7,255,132,33
4,7,255,132,33
5,7,255,132,33
6,7,255,132,33
7,7,255,132,33
8,7,255,132,33
9,7,255,132,33
10,7,255,132,33
11,7,255,132,33
12,7,255,132,33
13,7,255,132,33
14,7,255,132,33
15,7,255,132,33
16,7,255,132,33
17,7,255,132,33
18,7,255,132,33
19,7,255,132,33
20,7,255,132,33
21,7,255,132,33
22,7,255,132,33
23,7,255,132,33
24,7,255,132,33
25,7,255,132,33
26,7,255,132,33
27,7,255,132,33
28,7,255,132,33
29,7,255,132,33
30,7,255,132,33
31,7,255,132,33
32,7,255,132,33
33,7,255,132,33
34,7,255,132,33
35,7,255,132,33
36,7,255,132,33
37,7,255,132,33
38,7,255,132,33
39,7,255,132,33
40,7,255,132,33
41,7,255,132,33
42,7,255,132,33
43,7,255,132,33
44,7,255,132,33
45,7,255,132,33
46,7,255,132,33
47,7,255,132,33
48,7,255,132,33
49,7,255,132,33
50,7,255,132,33
51,7,255,132,33
52,7,255,132,33
53,7,255,132,33
54,7,255,132,33
55,7,255,132,33
56,7,255,132,33
57,7,255,132,33
58,7,255,132,33
59,7,255,132,33
60,7,255,132,33
61,7,255,132,33
62,7,255,132,33
63,7,255,132,33
0,8,255,139,35
1,8,255,139,35
2,8,255,139,35
3,8,255,139,35
4,8,255,139,35
5,8,255,139,35
6,8,255,139,35
7,8,255,139,35
8,8,255,139,35
9,8,255,139,35
10,8,255,139,35
11,8,255,139,35
12,8,255,139,35
13,8,255,139,35
14,8,255,139,35
15,8,255,139,35
16,8,255,139,35
17,8,255,139,35
18,8,255,139,35
19,8,255,139,35
20,8,255,139,35
21,8,255,139,35
22,8,255,139,35
23,8,255,139,35
24,8,255,139,35
25,8,255,139,35
26,8,255,139,35
27,8,255,139,35
28,8,255,139,35
29,8,255,139,35
30,8,255,139,35
31,8,255,139,35
32,8,255,224,64
33,8,255,139,35
34,8,255,139,35
35,8,255,139,35
36,8,255,139,35
37,8,255,139,35
38,8,255,139,35
39,8,255,139,35
40,8,255,139,35
41,8,255,139,35
42,8,255,139,35
43,8,255,139,35
44,8,255,139,35
45,8,255,139,35
46,8,255,139,35
47,8,255,139,35
48,8,255,139,35
49,8,255,139,35
50,8,255,139,35
51,8,255,139,35
52,8,255,139,35
53,8,255,139,35
54,8,255,139,35
55,8,255,139,35
56,8,255,139,35
57,8,255,139,35
58,8,255,139,35
59,8,255,139,35
60,8,255,139,35
61,8,255,139,35
62,8,255,139,35
63,8,255,139,35
0,9,255,147,37
1,9,255,147,37
2,9,255,147,37
3,9,255,147,37
4,9,255,147,37
5,9,255,147,37
6,9,255,147,37
7,9,255,147,37
8,9,255,147,37
9,9,255,147,37
10,9,255,147,37
11,9,255,147,37
12,9,255,147,37
13,9,255,147,37
14,9,255,147,37
15,9,255,147,37
16,9,255,147,37
17,9,255,147,37
18,9,255,147,37
19,9,255,147,37
20,9,255,147,37
21,9,255,147,37
22,9,255,147,37
23,9,255,147,37
24,9,255,147,37
25,9,255,147,37
26,9,255,147,37
27,9,255,147,37
28,9,255,147,37
29,9,255,147,37
30,9,255,224,64
31,9,255,224,64
32,9,255,224,64
33,9,255,224,64
34,9,255,224,64
35,9,255,147,37
36,9,255,147,37
37,9,255,147,37
38,9,255,147,37
39,9,255,147,37
40,9,255,147,37
41,9,255,147,37
42,9,255,147,37
43,9,255,147,37
44,9,255,147,37
45,9,255,147,37
46,9,255,147,37
47,9,255,147,37
48,9,255,147,37
49,9,255,147,37
50,9,255,147,37
51,9,255,147,37
52,9,255,147,37
53,9,255,147,37
54,9,255,147,37
55,9,255,147,37
56,9,255,147,37
57,9,255,147,37
58,9,255,147,37
59,9,255,147,37
60,9,255,147,37
61,9,255,147,37
62,9,255,147,37
63,9,255,147,37
0,10,255,154,39
1,10,255,154,39
2,10,255,154,39
3,10,255,154,39
4,10,255,154,39
5,10,255,154,39
6,10,255,154,39
7,10,255,154,39
8,10,255,154,39
9,10,255,154,39
10,10,255,154,39
11,10,255,154,39
12,10,255,154,39
13,10,255,154,39
14,10,255,154,39
15,10,255,154,39
16,10,255,154,39
17,10,255,154,39
18,10,255,154,39
19,10,255,154,39
20,10,255,154,39
21,10,255,154,39
22,10,255,154,39
23,10,255,154,39
24,10,255,154,39
25,10,255,154,39
26,10,255,154,39
27,10,255,154,39
28,10,255,154,39
29,10,255,224,64
30,10,255,224,64
31,10,255,224,64
32,10,255,224,64
33,10,255,224,64
34,10,255,224,64
35,10,255,224,64
36,10,255,154,39
37,10,255,154,39
38,10,255,154,39
39,10,255,154,39
40,10,255,154,39
41,10,255,154,39
42,10,255,154,39
43,10,255,154,39
44,10,255,154,39
45,10,255,154,39
46,10,255,154,39
47,10,255,154,39
48,10,255,154,39
49,10,255,154,39
50,10,255,154,39
51,10,255,154,39
52,10,255,154,39
53,10,255,154,39
54,10,255,154,39
55,10,255,154,39
56,10,255,154,39
57,10,255,154,39
58,10,255,154,39
59,10,255,154,39
60,10,255,154,39
61,10,255,154,39
62,10,255,154,39
63,10,255,154,39
0,11,255,161,41
1,11,255,161,41
2,11,255,161,41
3,11,255,161,41
4,11,255,161,41
5,11,255,161,41
6,11,255,161,41
7,11,255,161,41
8,11,255,161,41
9,11,255,161,41
10,11,255,161,41
11,11,255,161,41
12,11,255,161,41
13,11,255,161,41
14,11,255,161,41
15,11,255,161,41
16,11,255,161,41
17,11,255,161,41
18,11,255,161,41
19,11,255,161,41
20,11,255,161,41
21,11,255,161,41
22,11,255,161,41
23,11,255,161,41
24,11,255,161,41
25,11,255,161,41
26,11,255,161,41
27,11,255,161,41
28,11,255,161,41
29,11,255,224,64
30,11,255,224,64
31,11,255,224,64
32,11,255,224,64
33,11,255,224,64
34,11,255,224,64
35,11,255,224,64
36,11,255,161,41
37,11,255,161,41
38,11,255,161,41
39,11,255,161,41
40,11,255,161,41
41,11,255,161,41
42,11,255,161,41
43,11,255,161,41
44,11,255,161,41
45,11,255,161,41
46,11,255,161,41
47,11,255,161,41
48,11,255,161,41
49,11,255,161,41
50,11,255,161,41
51,11,255,161,41
52,11,255,161,41
53,11,255,161,41
54,11,255,161,41
55,11,255,161,41
56,11,255,161,41
57,11,255,161,41
58,11,255,161,41
59,11,255,161,41
60,11,255,161,41
61,11,255,161,41
62,11,255,161,41
63,11,255,161,41
0,12,255,164,46
1,12,255,164,46
2,12,255,164,46
3,12,255,164,46
4,12,255,164,46
5,12,255,164,46
6,12,255,164,46
7,12,255,164,46
8,12,255,164,46
9,12,255,164,46
10,12,255,164,46
11,12,255,164,46
12,12,255,164,46
13,12,255,164,46
14,12,255,164,46
15,12,255,164,46
16,12,255,164,46
17,12,255,164,46
18,12,255,164,46
19,12,255,164,46
20,12,255,164,46
21,12,255,164,46
22,12,255,164,46
23,12,255,164,46
24,12,255,164,46
25,12,255,164,46
26,12,255,164,46
27,12,255,164,46
28,12,255,224,64
29,12,255,224,64
30,12,255,224,64
31,12,255,224,64
32,12,255,224,64
33,12,255,224,64
34,12,255,224,64
35,12,255,224,64
36,12,255,224,64
37,12,255,164,46
38,12,255,164,46
39,12,255,164,46
40,12,255,164,46
41,12,255,164,46
42,12,255,164,46
43,12,255,164,46
44,12,255,164,46
45,12,255,164,46
46,12,255,164,46
47,12,255,164,46
48,12,255,164,46
49,12,255,164,46
50,12,255,164,46
51,12,255,164,46
52,12,255,164,46
53,12,255,164,46
54,12,255,164,46
55,12,255,164,46
56,12,255,164,46
57,12,255,164,46
58,12,255,164,46
59,12,255,164,46
60,12,255,164,46
61,12,255,164,46
62,12,255,164,46
63,12,255,164,46
0,13,255,167,51
1,13,255,167,51
2,13,255,167,51
3,13,255,167,51
4,13,255,167,51
5,13,255,167,51
6,13,255,167,51
7,13,255,167,51
8,13,255,167,51
9,13,255,167,51
10,13,255,167,51
11,13,255,167,51
12,13,255,167,51
13,13,255,167,51
14,13,255,167,51
15,13,255,167,51
16,13,255,167,51
17,13,255,167,51
18,13,255,167,51
19,13,255,167,51
20,13,255,167,51
21,13,255,167,51
22,13,255,167,51
23,13,255,167,51
24,13,255,167,51
25,13,255,167,51
26,13,255,167,51
27,13,255,167,51
28,13,255,167,51
29,13,255,224,64
30,13,255,224,64
31,13,255,224,64
32,13,255,224,64
33,13,255,224,64
34,13,255,224,64
35,13,255,224,64
36,13,255,167,51
37,13,255,167,51
38,13,255,167,51
39,13,255,167,51
40,13,255,167,51
41,13,255,167,51
42,13,255,167,51
43,13,255,167,51
44,13,255,167,51
45,13,255,167,51
46,13,255,167,51
47,13,255,167,51
48,13,255,167,51
49,13,255,167,51
50,13,255,167,51
51,13,255,167,51
52,13,255,167,51
53,13,255,167,51
54,13,255,167,51
55,13,255,167,51
56,13,255,167,51
57,13,255,167,51
58,13,255,167,51
59,13,255,167,51
60,13,255,167,51
61,13,255,167,51
62,13,255,167,51
63,13,255,167,51
0,14,255,170,56
1,14,255,170,56
2,14,255,170,56
3,14,255,170,56
4,14,255,170,56
5,14,255,170,56
6,14,255,170,56
7,14,255,170,56
8,14,255,170,56
9,14,255,170,56
10,14,255,170,56
11,14,255,170,56
12,14,255,170,56
13,14,255,170,56
14,14,255,170,56
15,14,255,170,56
16,14,255,170,56
17,14,255,170,56
18,14,255,170,56
19,14,255,170,56
20,14,255,170,56
21,14,255,170,56
22,14,255,170,56
23,14,255,170,56
24,14,255,170,56
25,14,255,170,56
26,14,255,170,56
27,14,255,170,56
28,14,255,170,56
29,14,255,224,64
30,14,255,224,64
31,14,255,224,64
32,14,255,224,64
33,14,255,224,64
34,14,255,224,64
35,14,255,224,64
36,14,255,170,56
37,14,255,170,56
38,14,255,170,56
39,14,255,170,56
40,14,255,170,56
41,14,255,170,56
42,14,255,170,56
43,14,255,170,56
44,14,255,170,56
45,14,255,170,56
46,14,255,170,56
47,14,255,170,56
48,14,255,170,56
49,14,255,170,56
50,14,255,170,56
51,14,255,170,56
52,14,255,170,56
53,14,255,170,56
54,14,255,170,56
55,14,255,170,56
56,14,255,170,56
57,14,255,170,56
58,14,255,170,56
59,14,255,170,56
60,14,255,170,56
61,14,255,170,56
62,14,139,58,26
63,14,255,170,56
0,15,255,173,61
1,15,255,173,61
2,15,255,173,61
3,15,255,173,61
4,15,255,173,61
5,15,255,173,61
6,15,255,173,61
7,15,255,173,61
8,15,255,173,61
9,15,255,173,61
10,15,255,173,61
11,15,255,173,61
12,15,255,173,61
13,15,255,173,61
14,15,255,173,61
15,15,255,173,61
16,15,255,173,61
17,15,255,173,61
18,15,255,173,61
19,15,255,173,61
20,15,255,173,61
21,15,255,173,61
22,15,255,173,61
23,15,255,173,61
24,15,255,173,61
25,15,255,173,61
26,15,255,173,61
27,15,255,173,61
28,15,255,173,61
29,15,255,173,61
30,15,255,224,64
31,15,255,224,64
32,15,255,224,64
33,15,255,224,64
34,15,255,224,64
35,15,255,173,61
36,15,255,173,61
37,15,255,173,61
38,15,255,173,61
39,15,255,173,61
40,15,255,173,61
41,15,255,173,61
42,15,255,173,61
43,15,255,173,61
44,15,255,173,61
45,15,255,173,61
46,15,255,173,61
47,15,255,173,61
48,15,255,173,61
49,15,255,173,61
50,15,255,173,61
51,15,255,173,61
52,15,255,173,61
53,15,255,173,61
54,15,255,173,61
55,15,255,173,61
56,15,255,173,61
57,15,255,173,61
58,15,255,173,61
59,15,139,58,26
60,15,139,58,26
61,15,139,58,26
62,15,139,58,26
63,15,139,58,26
0,16,255,176,66
1,16,255,176,66
2,16,255,176,66
3,16,255,176,66
4,16,255,176,66
5,16,255,176,66
6,16,255,176,66
7,16,255,176,66
8,16,255,176,66
9,16,139,58,26
10,16,139,58,26
11,16,139,58,26
12,16,139,58,26
13,16,255,176,66
14,16,255,176,66
15,16,255,176,66
16,16,255,176,66
17,16,255,176,66
18,16,255,176,66
19,16,255,176,66
20,16,255,176,66
21,16,255,176,66
22,16,255,176,66
23,16,255,176,66
24,16,255,176,66
25,16,255,176,66
26,16,255,176,66
27,16,255,176,66
28,16,255,176,66
29,16,255,176,66
30,16,255,176,66
31,16,255,176,66
32,16,255,224,64
33,16,255,176,66
34,16,255,176,66
35,16,255,176,66
36,16,255,176,66
37,16,255,176,66
38,16,255,176,66
39,16,255,176,66
40,16,255,176,66
41,16,255,176,66
42,16,255,176,66
43,16,255,176,66
44,16,255,176,66
45,16,255,176,66
46,16,255,176,66
47,16,255,176,66
48,16,255,176,66
49,16,255,176,66
50,16,255,176,66
51,16,255,176,66
52,16,255,176,66
53,16,255,176,66
54,16,255,176,66
55,16,255,176,66
56,16,255,176,66
57,16,255,176,66
58,16,139,58,26
59,16,139,58,26
60,16,139,58,26
61,16,139,58,26
62,16,139,58,26
63,16,139,58,26
0,17,255,179,71
1,17,255,179,71
2,17,255,179,71
3,17,255,179,71
4,17,255,179,71
5,17,255,179,71
6,17,255,179,71
7,17,139,58,26
8,17,139,58,26
9,17,139,58,26
10,17,139,58,26
11,17,139,58,26
12,17,139,58,26
13,17,139,58,26
14,17,139,58,26
15,17,255,179,71
16,17,255,179,71
17,17,255,179,71
18,17,255,179,71
19,17,255,179,71
20,17,255,179,71
21,17,255,179,71
22,17,255,179,71
23,17,255,179,71
24,17,255,179,71
25,17,255,179,71
26,17,255,179,71
27,17,255,179,71
28,17,255,179,71
29,17,255,179,71
30,17,255,179,71
31,17,255,179,71
32,17,255,179,71
33,17,255,179,71
34,17,255,179,71
35,17,255,179,71
36,17,255,179,71
37,17,255,179,71
38,17,255,179,71
39,17,255,179,71
40,17,255,179,71
41,17,255,179,71
42,17,255,179,71
43,17,255,179,71
44,17,255,179,71
45,17,255,179,71
46,17,255,179,71
47,17,255,179,71
48,17,255,179,71
49,17,255,179,71
50,17,255,179,71
51,17,255,179,71
52,17,255,179,71
53,17,255,179,71
54,17,255,179,71
55,17,255,179,71
56,17,139,58,26
57,17,139,58,26
58,17,139,58,26
59,17,139,58,26
60,17,139,58,26
61,17,139,58,26
62,17,139,58,26
63,17,139,58,26
0,18,255,182,76
1,18,255,182,76
2,18,255,182,76
3,18,255,182,76
4,18,255,182,76
5,18,139,58,26
6,18,139,58,26
7,18,139,58,26
8,18,139,58,26
9,18,139,58,26
10,18,139,58,26
11,18,139,58,26
12,18,139,58,26
13,18,139,58,26
14,18,139,58,26
15,18,139,58,26
16,18,255,182,76
17,18,255,182,76
18,18,255,182,76
19,18,255,182,76
20,18,255,182,76
21,18,255,182,76
22,18,255,182,76
23,18,255,182,76
24,18,255,182,76
25,18,255,182,76
26,18,255,182,76
27,18,255,182,76
28,18,255,182,76
29,18,255,182,76
30,18,255,182,76
31,18,255,182,76
32,18,255,182,76
33,18,255,182,76
34,18,255,182,76
35,18,255,182,76
36,18,255,182,76
37,18,255,182,76
38,18,255,182,76
39,18,139,58,26
40,18,139,58,26
41,18,255,182,76
42,18,255,182,76
43,18,255,182,76
44,18,255,182,76
45,18,255,182,76
46,18,255,182,76
47,18,255,182,76
48,18,255,182,76
49,18,255,182,76
50,18,255,182,76
51,18,255,182,76
52,18,255,182,76
53,18,255,182,76
54,18,255,182,76
55,18,139,58,26
56,18,139,58,26
57,18,139,58,26
58,18,139,58,26
59,18,139,58,26
60,18,139,58,26
61,18,139,58,26
62,18,139,58,26
63,18,139,58,26
0,19,255,185,80
1,19,255,185,80
2,19,255,185,80
3,19,139,58,26
4,19,139,58,26
5,19,139,58,26
6,19,139,58,26
7,19,139,58,26
8,19,139,58,26
9,19,139,58,26
10,19,139,58,26
11,19,139,58,26
12,19,139,58,26
13,19,139,58,26
14,19,139,58,26
15,19,139,58,26
16,19,139,58,26
17,19,255,185,80
18,19,255,185,80
19,19,255,185,80
20,19,255,185,80
21,19,255,185,80
22,19,255,185,80
23,19,255,185,80
24,19,255,185,80
25,19,255,185,80
26,19,255,185,80
27,19,255,185,80
28,19,255,185,80
29,19,255,185,80
30,19,255,185,80
31,19,255,185,80
32,19,255,185,80
33,19,255,185,80
34,19,255,185,80
35,19,255,185,80
36,19,139,58,26
37,19,139,58,26
38,19,139,58,26
39,19,139,58,26
40,19,139,58,26
41,19,139,58,26
42,19,139,58,26
43,19,139,58,26
44,19,255,185,80
45,19,255,185,80
46,19,255,185,80
47,19,255,185,80
48,19,255,185,80
49,19,255,185,80
50,19,255,185,80
51,19,255,185,80
52,19,255,185,80
53,19,255,185,80
54,19,139,58,26
55,19,139,58,26
56,19,139,58,26
57,19,139,58,26
58,19,139,58,26
59,19,139,58,26
60,19,139,58,26
61,19,139,58,26
62,19,139,58,26
63,19,139,58,26
0,20,139,58,26
1,20,139,58,26
2,20,139,58,26
3,20,139,58,26
4,20,139,58,26
5,20,139,58,26
6,20,139,58,26
7,20,139,58,26
8,20,139,58,26
9,20,139,58,26
10,20,139,58,26
11,20,139,58,26
12,20,139,58,26
13,20,139,58,26
14,20,139,58,26
15,20,139,58,26
16,20,139,58,26
17,20,139,58,26
18,20,255,188,85
19,20,255,188,85
20,20,255,188,85
21,20,255,188,85
22,20,255,188,85
23,20,255,188,85
24,20,255,188,85
25,20,255,188,85
26,20,255,188,85
27,20,255,188,85
28,20,255,188,85
29,20,255,188,85
30,20,255,188,85
31,20,255,188,85
32,20,255,188,85
33,20,255,188,85
34,20,255,188,85
35,20,139,58,26
36,20,139,58,26
37,20,139,58,26
38,20,139,58,26
39,20,139,58,26
40,20,139,58,26
41,20,139,58,26
42,20,139,58,26
43,20,139,58,26
44,20,139,58,26
45,20,139,58,26
46,20,139,58,26
47,20,255,188,85
48,20,255,188,85
49,20,255,188,85
50,20,255,188,85
51,20,255,188,85
52,20,139,58,26
53,20,139,58,26
54,20,139,58,26
55,20,139,58,26
56,20,139,58,26
57,20,139,58,26
58,20,139,58,26
59,20,139,58,26
60,20,139,58,26
61,20,139,58,26
62,20,139,58,26
63,20,139,58,26
0,21,139,58,26
1,21,139,58,26
2,21,139,58,26
3,21,139,58,26
4,21,139,58,26
5,21,139,58,26
6,21,139,58,26
7,21,139,58,26
8,21,139,58,26
9,21,139,58,26
10,21,139,58,26
11,21,139,58,26
12,21,139,58,26
13,21,139,58,26
14,21,139,58,26
15,21,139,58,26
16,21,139,58,26
17,21,139,58,26
18,21,139,58,26
19,21,255,191,90
20,21,255,191,90
21,21,255,191,90
22,21,255,191,90
23,21,255,191,90
24,21,255,191,90
25,21,255,191,90
26,21,255,191,90
27,21,255,191,90
28,21,255,191,90
29,21,255,191,90
30,21,255,191,90
31,21,255,191,90
32,21,255,191,90
33,21,139,58,26
34,21,139,58,26
35,21,139,58,26
36,21,139,58,26
37,21,139,58,26
38,21,139,58,26
39,21,139,58,26
40,21,139,58,26
41,21,139,58,26
42,21,139,58,26
43,21,139,58,26
44,21,139,58,26
45,21,139,58,26
46,21,139,58,26
47,21,139,58,26
48,21,139,58,26
49,21,139,58,26
50,21,139,58,26
51,21,139,58,26
52,21,139,58,26
53,21,139,58,26
54,21,139,58,26
55,21,139,58,26
56,21,139,58,26
57,21,139,58,26
58,21,139,58,26
59,21,139,58,26
60,21,139,58,26
61,21,139,58,26
62,21,139,58,26
63,21,139,58,26
0,22,139,58,26
1,22,139,58,26
2,22,139,58,26
3,22,139,58,26
4,22,139,58,26
5,22,139,58,26
6,22,139,58,26
7,22,139,58,26
8,22,139,58,26
9,22,139,58,26
10,22,139,58,26
11,22,139,58,26
12,22,139,58,26
13,22,139,58,26
14,22,139,58,26
15,22,139,58,26
16,22,139,58,26
17,22,139,58,26
18,22,139,58,26
19,22,139,58,26
20,22,255,195,95
21,22,255,195,95
22,22,255,195,95
23,22,255,195,95
24,22,255,195,95
25,22,255,195,95
26,22,255,195,95
27,22,255,195,95
28,22,255,195,95
29,22,255,195,95
30,22,255,195,95
31,22,255,195,95
32,22,139,58,26
33,22,139,58,26
34,22,139,58,26
35,22,139,58,26
36,22,139,58,26
37,22,139,58,26
38,22,139,58,26
39,22,139,58,26
40,22,139,58,26
41,22,139,58,26
42,22,139,58,26
43,22,139,58,26
44,22,139,58,26
45,22,139,58,26
46,22,139,58,26
47,22,139,58,26
48,22,139,58,26
49,22,139,58,26
50,22,139,58,26
51,22,139,58,26
52,22,139,58,26
53,22,139,58,26
54,22,139,58,26
55,22,139,58,26
56,22,139,58,26
57,22,139,58,26
58,22,139,58,26
59,22,139,58,26
60,22,139,58,26
61,22,139,58,26
62,22,139,58,26
63,22,139,58,26
0,23,139,58,26
1,23,139,58,26
2,23,139,58,26
3,23,139,58,26
4,23,139,58,26
5,23,139,58,26
6,23,139,58,26
7,23,139,58,26
8,23,139,58,26
9,23,139,58,26
10,23,139,58,26
11,23,139,58,26
12,23,139,58,26
13,23,139,58,26
14,23,139,58,26
15,23,139,58,26
16,23,139,58,26
17,23,139,58,26
18,23,139,58,26
19,23,139,58,26
20,23,139,58,26
21,23,255,198,100
22,23,255,198,100
23,23,255,198,100
24,23,255,198,100
25,23,255,198,100
26,23,255,198,100
27,23,255,198,100
28,23,255,198,100
29,23,255,198,100
30,23,255,198,100
31,23,139,58,26
32,23,139,58,26
33,23,139,58,26
34,23,139,58,26
35,23,139,58,26
36,23,139,58,26
37,23,139,58,26
38,23,139,58,26
39,23,139,58,26
40,23,139,58,26
41,23,139,58,26
42,23,139,58,26
43,23,139,58,26
44,23,139,58,26
45,23,139,58,26
46,23,139,58,26
47,23,139,58,26
48,23,139,58,26
49,23,139,58,26
50,23,139,58,26
51,23,139,58,26
52,23,139,58,26
53,23,107,42,10
54,23,107,42,10
55,23,139,58,26
56,23,139,58,26
57,23,139,58,26
58,23,139,58,26
59,23,139,58,26
60,23,139,58,26
61,23,139,58,26
62,23,139,58,26
63,23,139,58,26
0,24,139,58,26
1,24,139,58,26
2,24,139,58,26
3,24,139,58,26
4,24,139,58,26
5,24,139,58,26
6,24,139,58,26
7,24,139,58,26
8,24,139,58,26
9,24,139,58,26
10,24,139,58,26
11,24,139,58,26
12,24,139,58,26
13,24,139,58,26
14,24,139,58,26
15,24,139,58,26
16,24,139,58,26
17,24,139,58,26
18,24,139,58,26
19,24,139,58,26
20,24,139,58,26
21,24,139,58,26
22,24,139,58,26
23,24,255,201,105
24,24,255,201,105
25,24,255,201,105
26,24,255,201,105
27,24,255,201,105
28,24,255,201,105
29,24,255,201,105
30,24,139,58,26
31,24,139,58,26
32,24,139,58,26
33,24,139,58,26
34,24,139,58,26
35,24,139,58,26
36,24,139,58,26
37,24,139,58,26
38,24,139,58,26
39,24,139,58,26
40,24,139,58,26
41,24,139,58,26
42,24,139,58,26
43,24,139,58,26
44,24,139,58,26
45,24,139,58,26
46,24,139,58,26
47,24,139,58,26
48,24,139,58,26
49,24,139,58,26
50,24,139,58,26
51,24,107,42,10
52,24,107,42,10
53,24,107,42,10
54,24,107,42,10
55,24,107,42,10
56,24,107,42,10
57,24,139,58,26
58,24,139,58,26
59,24,139,58,26
60,24,139,58,26
61,24,139,58,26
62,24,139,58,26
63,24,139,58,26
0,25,107,42,10
1,25,139,58,26
2,25,139,58,26
3,25,139,58,26
4,25,139,58,26
5,25,139,58,26
6,25,139,58,26
7,25,139,58,26
8,25,139,58,26
9,25,139,58,26
10,25,139,58,26
11,25,139,58,26
12,25,139,58,26
13,25,139,58,26
14,25,139,58,26
15,25,139,58,26
16,25,139,58,26
17,25,139,58,26
18,25,139,58,26
19,25,139,58,26
20,25,139,58,26
21,25,139,58,26
22,25,139,58,26
23,25,139,58,26
24,25,255,204,110
25,25,255,204,110
26,25,255,204,110
27,25,255,204,110
28,25,139,58,26
29,25,139,58,26
30,25,139,58,26
31,25,139,58,26
32,25,139,58,26
33,25,139,58,26
34,25,107,42,10
35,25,107,42,10
36,25,107,42,10
37,25,107,42,10
38,25,107,42,10
39,25,107,42,10
40,25,139,58,26
41,25,139,58,26
42,25,139,58,26
43,25,139,58,26
44,25,139,58,26
45,25,139,58,26
46,25,139,58,26
47,25,139,58,26
48,25,139,58,26
49,25,107,42,10
50,25,107,42,10
51,25,107,42,10
52,25,107,42,10
53,25,107,42,10
54,25,107,42,10
55,25,107,42,10
56,25,107,42,10
57,25,107,42,10
58,25,139,58,26
59,25,139,58,26
60,25,139,58,26
61,25,139,58,26
62,25,139,58,26
63,25,139,58,26
0,26,107,42,10
1,26,107,42,10
2,26,107,42,10
3,26,139,58,26
4,26,139,58,26
5,26,139,58,26
6,26,139,58,26
7,26,139,58,26
8,26,139,58,26
9,26,139,58,26
10,26,139,58,26
11,26,139,58,26
12,26,139,58,26
13,26,139,58,26
14,26,139,58,26
15,26,139,58,26
16,26,139,58,26
17,26,139,58,26
18,26,139,58,26
19,26,139,58,26
20,26,139,58,26
21,26,139,58,26
22,26,139,58,26
23,26,139,58,26
24,26,139,58,26
25,26,139,58,26
26,26,139,58,26
27,26,139,58,26
28,26,139,58,26
29,26,139,58,26
30,26,139,58,26
31,26,139,58,26
32,26,107,42,10
33,26,107,42,10
34,26,107,42,10
35,26,107,42,10
36,26,107,42,10
37,26,107,42,10
38,26,107,42,10
39,26,107,42,10
40,26,107,42,10
41,26,107,42,10
42,26,139,58,26
43,26,139,58,26
44,26,139,58,26
45,26,139,58,26
46,26,139,58,26
47,26,107,42,10
48,26,107,42,10
49,26,107,42,10
50,26,107,42,10
51,26,107,42,10
52,26,107,42,10
53,26,107,42,10
54,26,107,42,10
55,26,107,42,10
56,26,107,42,10
57,26,107,42,10
58,26,107,42,10
59,26,107,42,10
60,26,139,58,26
61,26,139,58,26
62,26,139,58,26
63,26,139,58,26
0,27,107,42,10
1,27,107,42,10
2,27,107,42,10
3,27,107,42,10
4,27,139,58,26
5,27,139,58,26
6,27,139,58,26
7,27,139,58,26
8,27,139,58,26
9,27,139,58,26
10,27,139,58,26
11,27,139,58,26
12,27,139,58,26
13,27,107,42,10
14,27,107,42,10
15,27,107,42,10
16,27,107,42,10
17,27,107,42,10
18,27,107,42,10
19,27,139,58,26
20,27,139,58,26
21,27,139,58,26
22,27,139,58,26
23,27,139,58,26
24,27,139,58,26
25,27,139,58,26
26,27,139,58,26
27,27,139,58,26
28,27,139,58,26
29,27,139,58,26
30,27,139,58,26
31,27,107,42,10
32,27,107,42,10
33,27,107,42,10
34,27,107,42,10
35,27,107,42,10
36,27,107,42,10
37,27,107,42,10
38,27,107,42,10
39,27,107,42,10
40,27,107,42,10
41,27,107,42,10
42,27,107,42,10
43,27,107,42,10
44,27,107,42,10
45,27,107,42,10
46,27,107,42,10
47,27,107,42,10
48,27,107,42,10
49,27,107,42,10
50,27,107,42,10
51,27,107,42,10
52,27,107,42,10
53,27,107,42,10
54,27,107,42,10
55,27,107,42,10
56,27,107,42,10
57,27,107,42,10
58,27,107,42,10
59,27,107,42,10
60,27,107,42,10
61,27,139,58,26
62,27,139,58,26
63,27,139,58,26
0,28,107,42,10
1,28,107,42,10
2,28,107,42,10
3,28,107,42,10
4,28,107,42,10
5,28,255,120,30
6,28,255,120,30
7,28,255,120,30
8,28,255,120,30
9,28,255,120,30
10,28,255,120,30
11,28,107,42,10
12,28,107,42,10
13,28,107,42,10
14,28,107,42,10
15,28,107,42,10
16,28,107,42,10
17,28,107,42,10
18,28,107,42,10
19,28,107,42,10
20,28,107,42,10
21,28,255,120,30
22,28,255,120,30
23,28,255,120,30
24,28,255,120,30
25,28,255,120,30
26,28,255,230,100
27,28,255,230,100
28,28,255,230,100
29,28,255,230,100
30,28,107,42,10
31,28,107,42,10
32,28,107,42,10
33,28,107,42,10
34,28,107,42,10
35,28,107,42,10
36,28,107,42,10
37,28,107,42,10
38,28,107,42,10
39,28,107,42,10
40,28,107,42,10
41,28,107,42,10
42,28,107,42,10
43,28,107,42,10
44,28,107,42,10
45,28,107,42,10
46,28,107,42,10
47,28,107,42,10
48,28,107,42,10
49,28,107,42,10
50,28,107,42,10
51,28,107,42,10
52,28,107,42,10
53,28,107,42,10
54,28,107,42,10
55,28,107,42,10
56,28,107,42,10
57,28,107,42,10
58,28,107,42,10
59,28,107,42,10
60,28,107,42,10
61,28,107,42,10
62,28,255,120,30
63,28,255,120,30
0,29,112,50,19
1,29,107,42,10
2,29,112,50,19
3,29,107,42,10
4,29,112,50,19
5,29,107,42,10
6,29,112,50,19
7,29,107,42,10
8,29,112,50,19
9,29,107,42,10
10,29,112,50,19
11,29,107,42,10
12,29,112,50,19
13,29,107,42,10
14,29,112,50,19
15,29,107,42,10
16,29,112,50,19
17,29,107,42,10
18,29,112,50,19
19,29,107,42,10
20,29,112,50,19
21,29,107,42,10
22,29,243,122,43
23,29,243,117,35
24,29,243,122,43
25,29,243,117,35
26,29,255,227,104
27,29,255,226,98
28,29,255,227,104
29,29,107,42,10
30,29,112,50,19
31,29,107,42,10
32,29,112,50,19
33,29,107,42,10
34,29,112,50,19
35,29,107,42,10
36,29,112,50,19
37,29,107,42,10
38,29,112,50,19
39,29,107,42,10
40,29,112,50,19
41,29,107,42,10
42,29,112,50,19
43,29,107,42,10
44,29,112,50,19
45,29,107,42,10
46,29,112,50,19
47,29,107,42,10
48,29,112,50,19
49,29,107,42,10
50,29,112,50,19
51,29,107,42,10
52,29,112,50,19
53,29,107,42,10
54,29,112,50,19
55,29,107,42,10
56,29,112,50,19
57,29,107,42,10
58,29,112,50,19
59,29,107,42,10
60,29,112,50,19
61,29,107,42,10
62,29,112,50,19
63,29,107,42,10
0,30,107,42,10
1,30,107,42,10
2,30,107,42,10
3,30,107,42,10
4,30,107,42,10
5,30,107,42,10
6,30,107,42,10
7,30,107,42,10
8,30,107,42,10
9,30,107,42,10
10,30,107,42,10
11,30,107,42,10
12,30,107,42,10
13,30,107,42,10
14,30,107,42,10
15,30,107,42,10
16,30,107,42,10
17,30,107,42,10
18,30,107,42,10
19,30,107,42,10
20,30,107,42,10
21,30,107,42,10
22,30,107,42,10
23,30,107,42,10
24,30,231,114,39
25,30,231,114,39
26,30,107,42,10
27,30,107,42,10
28,30,107,42,10
29,30,107,42,10
30,30,107,42,10
31,30,107,42,10
32,30,107,42,10
33,30,107,42,10
34,30,107,42,10
35,30,107,42,10
36,30,107,42,10
37,30,107,42,10
38,30,107,42,10
39,30,107,42,10
40,30,107,42,10
41,30,107,42,10
42,30,107,42,10
43,30,107,42,10
44,30,107,42,10
45,30,107,42,10
46,30,107,42,10
47,30,107,42,10
48,30,107,42,10
49,30,107,42,10
50,30,107,42,10
51,30,107,42,10
52,30,107,42,10
53,30,107,42,10
54,30,107,42,10
55,30,107,42,10
56,30,107,42,10
57,30,107,42,10
58,30,107,42,10
59,30,107,42,10
60,30,107,42,10
61,30,107,42,10
62,30,107,42,10
63,30,107,42,10
0,31,107,42,10
1,31,107,42,10
2,31,107,42,10
3,31,107,42,10
4,31,107,42,10
5,31,107,42,10
6,31,107,42,10
7,31,107,42,10
8,31,107,42,10
9,31,107,42,10
10,31,107,42,10
11,31,107,42,10
12,31,107,42,10
13,31,107,42,10
14,31,107,42,10
15,31,107,42,10
16,31,107,42,10
17,31,107,42,10
18,31,107,42,10
19,31,107,42,10
20,31,107,42,10
21,31,107,42,10
22,31,107,42,10
23,31,107,42,10
24,31,107,42,10
25,31,107,42,10
26,31,107,42,10
27,31,107,42,10
28,31,107,42,10
29,31,107,42,10
30,31,107,42,10
31,31,107,42,10
32,31,107,42,10
33,31,107,42,10
34,31,107,42,10
35,31,107,42,10
36,31,107,42,10
37,31,107,42,10
38,31,107,42,10
39,31,107,42,10
40,31,107,42,10
41,31,107,42,10
42,31,107,42,10
43,31,107,42,10
44,31,107,42,10
45,31,107,42,10
46,31,107,42,10
47,31,107,42,10
48,31,107,42,10
49,31,107,42,10
50,31,107,42,10
51,31,107,42,10
52,31,107,42,10
53,31,107,42,10
54,31,107,42,10
55,31,107,42,10
56,31,107,42,10
57,31,107,42,10
58,31,107,42,10
59,31,107,42,10
60,31,107,42,10
61,31,107,42,10
62,31,107,42,10
63,31,107,42,10
0,32,209,112,57
1,32,208,107,49
2,32,209,112,57
3,32,208,107,49
4,32,209,112,57
5,32,208,107,49
6,32,209,112,57
7,32,208,107,49
8,32,209,112,57
9,32,208,107,49
10,32,209,112,57
11,32,208,107,49
12,32,209,112,57
13,32,208,107,49
14,32,209,112,57
15,32,208,107,49
16,32,209,112,57
17,32,208,107,49
18,32,209,112,57
19,32,208,107,49
20,32,209,112,57
21,32,208,107,49
22,32,209,112,57
23,32,208,107,49
24,32,209,112,57
25,32,208,107,49
26,32,255,216,98
27,32,255,215,92
28,32,255,216,98
29,32,255,215,92
30,32,255,216,98
31,32,255,215,92
32,32,255,216,98
33,32,255,215,92
34,32,255,216,98
35,32,255,215,92
36,32,255,216,98
37,32,255,215,92
38,32,255,216,98
39,32,208,107,49
40,32,209,112,57
41,32,208,107,49
42,32,209,112,57
43,32,208,107,49
44,32,209,112,57
45,32,208,107,49
46,32,209,112,57
47,32,208,107,49
48,32,209,112,57
49,32,208,107,49
50,32,209,112,57
51,32,208,107,49
52,32,209,112,57
53,32,208,107,49
54,32,209,112,57
55,32,208,107,49
56,32,209,112,57
57,32,208,107,49
58,32,209,112,57
59,32,208,107,49
60,32,209,112,57
61,32,208,107,49
62,32,209,112,57
63,32,208,107,49
0,33,196,104,54
1,33,196,104,54
2,33,196,104,54
3,33,196,104,54
4,33,196,104,54
5,33,196,104,54
6,33,196,104,54
7,33,196,104,54
8,33,196,104,54
9,33,196,104,54
10,33,196,104,54
11,33,196,104,54
12,33,196,104,54
13,33,196,104,54
14,33,196,104,54
15,33,196,104,54
16,33,196,104,54
17,33,196,104,54
18,33,196,104,54
19,33,196,104,54
20,33,196,104,54
21,33,196,104,54
22,33,196,104,54
23,33,196,104,54
24,33,196,104,54
25,33,196,104,54
26,33,255,212,89
27,33,255,212,89
28,33,255,212,89
29,33,255,212,89
30,33,255,212,89
31,33,255,212,89
32,33,255,212,89
33,33,255,212,89
34,33,255,212,89
35,33,255,212,89
36,33,255,212,89
37,33,255,212,89
38,33,255,212,89
39,33,196,104,54
40,33,196,104,54
41,33,196,104,54
42,33,196,104,54
43,33,196,104,54
44,33,196,104,54
45,33,196,104,54
46,33,196,104,54
47,33,196,104,54
48,33,196,104,54
49,33,196,104,54
50,33,196,104,54
51,33,196,104,54
52,33,196,104,54
53,33,196,104,54
54,33,196,104,54
55,33,196,104,54
56,33,196,104,54
57,33,196,104,54
58,33,196,104,54
59,33,196,104,54
60,33,196,104,54
61,33,196,104,54
62,33,196,104,54
63,33,196,104,54
0,34,184,101,58
1,34,184,101,58
2,34,184,101,58
3,34,184,101,58
4,34,184,101,58
5,34,184,101,58
6,34,184,101,58
7,34,184,101,58
8,34,184,101,58
9,34,184,101,58
10,34,184,101,58
11,34,184,101,58
12,34,184,101,58
13,34,184,101,58
14,34,184,101,58
15,34,184,101,58
16,34,184,101,58
17,34,184,101,58
18,34,184,101,58
19,34,184,101,58
20,34,184,101,58
21,34,184,101,58
22,34,184,101,58
23,34,184,101,58
24,34,184,101,58
25,34,184,101,58
26,34,184,101,58
27,34,184,101,58
28,34,200,175,112
29,34,200,175,112
30,34,200,175,112
31,34,200,175,112
32,34,200,175,112
33,34,200,175,112
34,34,200,175,112
35,34,200,175,112
36,34,200,175,112
37,34,184,101,58
38,34,184,101,58
39,34,184,101,58
40,34,184,101,58
41,34,184,101,58
42,34,184,101,58
43,34,184,101,58
44,34,184,101,58
45,34,184,101,58
46,34,184,101,58
47,34,184,101,58
48,34,184,101,58
49,34,184,101,58
50,34,184,101,58
51,34,184,101,58
52,34,184,101,58
53,34,184,101,58
54,34,184,101,58
55,34,184,101,58
56,34,184,101,58
57,34,184,101,58
58,34,184,101,58
59,34,184,101,58
60,34,184,101,58
61,34,184,101,58
62,34,184,101,58
63,34,184,101,58
0,35,175,104,70
1,35,172,98,63
2,35,175,104,70
3,35,172,98,63
4,35,175,104,70
5,35,172,98,63
6,35,175,104,70
7,35,172,98,63
8,35,175,104,70
9,35,172,98,63
10,35,175,104,70
11,35,172,98,63
12,35,175,104,70
13,35,172,98,63
14,35,175,104,70
15,35,172,98,63
16,35,175,104,70
17,35,172,98,63
18,35,175,104,70
19,35,172,98,63
20,35,175,104,70
21,35,172,98,63
22,35,175,104,70
23,35,172,98,63
24,35,175,104,70
25,35,172,98,63
26,35,175,104,70
27,35,172,98,63
28,35,193,174,122
29,35,191,171,117
30,35,193,174,122
31,35,191,171,117
32,35,193,174,122
33,35,191,171,117
34,35,193,174,122
35,35,191,171,117
36,35,193,174,122
37,35,172,98,63
38,35,175,104,70
39,35,172,98,63
40,35,175,104,70
41,35,172,98,63
42,35,175,104,70
43,35,172,98,63
44,35,175,104,70
45,35,172,98,63
46,35,175,104,70
47,35,172,98,63
48,35,175,104,70
49,35,172,98,63
50,35,175,104,70
51,35,172,98,63
52,35,175,104,70
53,35,172,98,63
54,35,175,104,70
55,35,172,98,63
56,35,175,104,70
57,35,172,98,63
58,35,175,104,70
59,35,172,98,63
60,35,175,104,70
61,35,172,98,63
62,35,175,104,70
63,35,172,98,63
0,36,160,95,68
1,36,160,95,68
2,36,160,95,68
3,36,160,95,68
4,36,160,95,68
5,36,160,95,68
6,36,160,95,68
7,36,160,95,68
8,36,160,95,68
9,36,160,95,68
10,36,160,95,68
11,36,160,95,68
12,36,160,95,68
13,36,160,95,68
14,36,160,95,68
15,36,160,95,68
16,36,160,95,68
17,36,160,95,68
18,36,160,95,68
19,36,160,95,68
20,36,160,95,68
21,36,160,95,68
22,36,160,95,68
23,36,160,95,68
24,36,160,95,68
25,36,160,95,68
26,36,160,95,68
27,36,160,95,68
28,36,181,166,122
29,36,181,166,122
30,36,181,166,122
31,36,181,166,122
32,36,181,166,122
33,36,181,166,122
34,36,181,166,122
35,36,181,166,122
36,36,181,166,122
37,36,160,95,68
38,36,160,95,68
39,36,160,95,68
40,36,160,95,68
41,36,160,95,68
42,36,160,95,68
43,36,160,95,68
44,36,160,95,68
45,36,160,95,68
46,36,160,95,68
47,36,160,95,68
48,36,160,95,68
49,36,160,95,68
50,36,160,95,68
51,36,160,95,68
52,36,160,95,68
53,36,160,95,68
54,36,160,95,68
55,36,160,95,68
56,36,160,95,68
57,36,160,95,68
58,36,160,95,68
59,36,160,95,68
60,36,160,95,68
61,36,160,95,68
62,36,160,95,68
63,36,160,95,68
0,37,148,92,73
1,37,148,92,73
2,37,148,92,73
3,37,148,92,73
4,37,148,92,73
5,37,148,92,73
6,37,148,92,73
7,37,148,92,73
8,37,148,92,73
9,37,148,92,73
10,37,148,92,73
11,37,148,92,73
12,37,148,92,73
13,37,148,92,73
14,37,148,92,73
15,37,148,92,73
16,37,148,92,73
17,37,148,92,73
18,37,148,92,73
19,37,148,92,73
20,37,148,92,73
21,37,148,92,73
22,37,148,92,73
23,37,148,92,73
24,37,148,92,73
25,37,148,92,73
26,37,148,92,73
27,37,148,92,73
28,37,172,162,127
29,37,172,162,127
30,37,172,162,127
31,37,172,162,127
32,37,172,162,127
33,37,172,162,127
34,37,172,162,127
35,37,172,162,127
36,37,172,162,127
37,37,148,92,73
38,37,148,92,73
39,37,148,92,73
40,37,148,92,73
41,37,148,92,73
42,37,148,92,73
43,37,148,92,73
44,37,148,92,73
45,37,148,92,73
46,37,148,92,73
47,37,148,92,73
48,37,148,92,73
49,37,148,92,73
50,37,148,92,73
51,37,148,92,73
52,37,148,92,73
53,37,148,92,73
54,37,148,92,73
55,37,148,92,73
56,37,148,92,73
57,37,148,92,73
58,37,148,92,73
59,37,148,92,73
60,37,148,92,73
61,37,148,92,73
62,37,148,92,73
63,37,148,92,73
0,38,141,94,83
1,38,137,88,77
2,38,141,94,83
3,38,137,88,77
4,38,141,94,83
5,38,137,88,77
6,38,141,94,83
7,38,137,88,77
8,38,141,94,83
9,38,137,88,77
10,38,141,94,83
11,38,137,88,77
12,38,141,94,83
13,38,137,88,77
14,38,141,94,83
15,38,137,88,77
16,38,141,94,83
17,38,137,88,77
18,38,141,94,83
19,38,137,88,77
20,38,141,94,83
21,38,137,88,77
22,38,141,94,83
23,38,137,88,77
24,38,141,94,83
25,38,137,88,77
26,38,141,94,83
27,38,137,88,77
28,38,141,94,83
29,38,137,88,77
30,38,141,94,83
31,38,137,88,77
32,38,141,94,83
33,38,137,88,77
34,38,141,94,83
35,38,137,88,77
36,38,141,94,83
37,38,137,88,77
38,38,141,94,83
39,38,137,88,77
40,38,141,94,83
41,38,137,88,77
42,38,141,94,83
43,38,137,88,77
44,38,141,94,83
45,38,137,88,77
46,38,141,94,83
47,38,137,88,77
48,38,141,94,83
49,38,137,88,77
50,38,141,94,83
51,38,137,88,77
52,38,141,94,83
53,38,137,88,77
54,38,141,94,83
55,38,137,88,77
56,38,141,94,83
57,38,137,88,77
58,38,141,94,83
59,38,137,88,77
60,38,141,94,83
61,38,137,88,77
62,38,141,94,83
63,38,137,88,77
0,39,125,85,82
1,39,125,85,82
2,39,125,85,82
3,39,125,85,82
4,39,125,85,82
5,39,125,85,82
6,39,125,85,82
7,39,125,85,82
8,39,125,85,82
9,39,125,85,82
10,39,125,85,82
11,39,125,85,82
12,39,125,85,82
13,39,125,85,82
14,39,125,85,82
15,39,125,85,82
16,39,125,85,82
17,39,125,85,82
18,39,125,85,82
19,39,125,85,82
20,39,125,85,82
21,39,125,85,82
22,39,125,85,82
23,39,125,85,82
24,39,125,85,82
25,39,125,85,82
26,39,125,85,82
27,39,125,85,82
28,39,125,85,82
29,39,125,85,82
30,39,125,85,82
31,39,125,85,82
32,39,125,85,82
33,39,125,85,82
34,39,125,85,82
35,39,125,85,82
36,39,125,85,82
37,39,125,85,82
38,39,125,85,82
39,39,125,85,82
40,39,125,85,82
41,39,125,85,82
42,39,125,85,82
43,39,125,85,82
44,39,125,85,82
45,39,125,85,82
46,39,125,85,82
47,39,125,85,82
48,39,125,85,82
49,39,125,85,82
50,39,125,85,82
51,39,125,85,82
52,39,125,85,82
53,39,125,85,82
54,39,125,85,82
55,39,125,85,82
56,39,125,85,82
57,39,125,85,82
58,39,125,85,82
59,39,125,85,82
60,39,125,85,82
61,39,125,85,82
62,39,125,85,82
63,39,125,85,82
0,40,113,82,87
1,40,113,82,87
2,40,113,82,87
3,40,113,82,87
4,40,113,82,87
5,40,113,82,87
6,40,113,82,87
7,40,113,82,87
8,40,113,82,87
9,40,113,82,87
10,40,113,82,87
11,40,113,82,87
12,40,113,82,87
13,40,113,82,87
14,40,113,82,87
15,40,113,82,87
16,40,113,82,87
17,40,113,82,87
18,40,113,82,87
19,40,113,82,87
20,40,113,82,87
21,40,113,82,87
22,40,113,82,87
23,40,113,82,87
24,40,113,82,87
25,40,113,82,87
26,40,113,82,87
27,40,113,82,87
28,40,113,82,87
29,40,113,82,87
30,40,113,82,87
31,40,113,82,87
32,40,113,82,87
33,40,113,82,87
34,40,113,82,87
35,40,113,82,87
36,40,113,82,87
37,40,113,82,87
38,40,113,82,87
39,40,113,82,87
40,40,113,82,87
41,40,113,82,87
42,40,113,82,87
43,40,113,82,87
44,40,113,82,87
45,40,113,82,87
46,40,113,82,87
47,40,113,82,87
48,40,113,82,87
49,40,113,82,87
50,40,113,82,87
51,40,113,82,87
52,40,113,82,87
53,40,113,82,87
54,40,113,82,87
55,40,113,82,87
56,40,113,82,87
57,40,113,82,87
58,40,113,82,87
59,40,113,82,87
60,40,113,82,87
61,40,113,82,87
62,40,113,82,87
63,40,113,82,87
0,41,107,85,98
1,41,101,79,92
2,41,107,85,98
3,41,101,79,92
4,41,107,85,98
5,41,101,79,92
6,41,107,85,98
7,41,101,79,92
8,41,107,85,98
9,41,101,79,92
10,41,107,85,98
11,41,101,79,92
12,41,107,85,98
13,41,101,79,92
14,41,107,85,98
15,41,101,79,92
16,41,107,85,98
17,41,101,79,92
18,41,107,85,98
19,41,101,79,92
20,41,107,85,98
21,41,101,79,92
22,41,107,85,98
23,41,101,79,92
24,41,107,85,98
25,41,101,79,92
26,41,107,85,98
27,41,101,79,92
28,41,107,85,98
29,41,101,79,92
30,41,107,85,98
31,41,101,79,92
32,41,107,85,98
33,41,101,79,92
34,41,107,85,98
35,41,101,79,92
36,41,107,85,98
37,41,101,79,92
38,41,107,85,98
39,41,101,79,92
40,41,107,85,98
41,41,101,79,92
42,41,107,85,98
43,41,101,79,92
44,41,107,85,98
45,41,101,79,92
46,41,107,85,98
47,41,101,79,92
48,41,107,85,98
49,41,101,79,92
50,41,107,85,98
51,41,101,79,92
52,41,107,85,98
53,41,101,79,92
54,41,107,85,98
55,41,101,79,92
56,41,107,85,98
57,41,101,79,92
58,41,107,85,98
59,41,101,79,92
60,41,107,85,98
61,41,101,79,92
62,41,107,85,98
63,41,101,79,92
0,42,89,76,96
1,42,89,76,96
2,42,89,76,96
3,42,89,76,96
4,42,89,76,96
5,42,89,76,96
6,42,89,76,96
7,42,89,76,96
8,42,89,76,96
9,42,89,76,96
10,42,89,76,96
11,42,89,76,96
12,42,89,76,96
13,42,89,76,96
14,42,89,76,96
15,42,89,76,96
16,42,89,76,96
17,42,89,76,96
18,42,89,76,96
19,42,89,76,96
20,42,89,76,96
21,42,89,76,96
22,42,89,76,96
23,42,89,76,96
24,42,89,76,96
25,42,89,76,96
26,42,89,76,96
27,42,89,76,96
28,42,89,76,96
29,42,89,76,96
30,42,89,76,96
31,42,89,76,96
32,42,89,76,96
33,42,89,76,96
34,42,89,76,96
35,42,89,76,96
36,42,89,76,96
37,42,89,76,96
38,42,89,76,96
39,42,89,76,96
40,42,89,76,96
41,42,89,76,96
42,42,89,76,96
43,42,89,76,96
44,42,89,76,96
45,42,89,76,96
46,42,89,76,96
47,42,89,76,96
48,42,89,76,96
49,42,89,76,96
50,42,89,76,96
51,42,89,76,96
52,42,89,76,96
53,42,89,76,96
54,42,89,76,96
55,42,89,76,96
56,42,89,76,96
57,42,89,76,96
58,42,89,76,96
59,42,89,76,96
60,42,89,76,96
61,42,89,76,96
62,42,89,76,96
63,42,89,76,96
0,43,77,73,101
1,43,77,73,101
2,43,77,73,101
3,43,77,73,101
4,43,77,73,101
5,43,77,73,101
6,43,77,73,101
7,43,77,73,101
8,43,77,73,101
9,43,77,73,101
10,43,77,73,101
11,43,77,73,101
12,43,77,73,101
13,43,77,73,101
14,43,77,73,101
15,43,77,73,101
16,43,77,73,101
17,43,77,73,101
18,43,77,73,101
19,43,77,73,101
20,43,77,73,101
21,43,77,73,101
22,43,77,73,101
23,43,77,73,101
24,43,77,73,101
25,43,77,73,101
26,43,77,73,101
27,43,77,73,101
28,43,77,73,101
29,43,77,73,101
30,43,77,73,101
31,43,77,73,101
32,43,77,73,101
33,43,77,73,101
34,43,77,73,101
35,43,77,73,101
36,43,77,73,101
37,43,77,73,101
38,43,77,73,101
39,43,77,73,101
40,43,77,73,101
41,43,77,73,101
42,43,77,73,101
43,43,77,73,101
44,43,77,73,101
45,43,77,73,101
46,43,77,73,101
47,43,77,73,101
48,43,77,73,101
49,43,77,73,101
50,43,77,73,101
51,43,77,73,101
52,43,77,73,101
53,43,77,73,101
54,43,77,73,101
55,43,77,73,101
56,43,77,73,101
57,43,77,73,101
58,43,77,73,101
59,43,77,73,101
60,43,77,73,101
61,43,77,73,101
62,43,77,73,101
63,43,77,73,101
0,44,73,76,111
1,44,66,69,106
2,44,73,76,111
3,44,66,69,106
4,44,73,76,111
5,44,66,69,106
6,44,73,76,111
7,44,66,69,106
8,44,73,76,111
9,44,66,69,106
10,44,73,76,111
11,44,66,69,106
12,44,73,76,111
13,44,66,69,106
14,44,73,76,111
15,44,66,69,106
16,44,73,76,111
17,44,66,69,106
18,44,73,76,111
19,44,66,69,106
20,44,73,76,111
21,44,66,69,106
22,44,73,76,111
23,44,66,69,106
24,44,73,76,111
25,44,66,69,106
26,44,73,76,111
27,44,66,69,106
28,44,73,76,111
29,44,66,69,106
30,44,73,76,111
31,44,66,69,106
32,44,73,76,111
33,44,66,69,106
34,44,73,76,111
35,44,66,69,106
36,44,73,76,111
37,44,66,69,106
38,44,73,76,111
39,44,66,69,106
40,44,73,76,111
41,44,66,69,106
42,44,73,76,111
43,44,66,69,106
44,44,73,76,111
45,44,66,69,106
46,44,73,76,111
47,44,66,69,106
48,44,73,76,111
49,44,66,69,106
50,44,73,76,111
51,44,66,69,106
52,44,73,76,111
53,44,66,69,106
54,44,73,76,111
55,44,66,69,106
56,44,73,76,111
57,44,66,69,106
58,44,73,76,111
59,44,66,69,106
60,44,73,76,111
61,44,66,69,106
62,44,73,76,111
63,44,66,69,106
0,45,54,66,111
1,45,54,66,111
2,45,54,66,111
3,45,54,66,111
4,45,54,66,111
5,45,54,66,111
6,45,54,66,111
7,45,54,66,111
8,45,54,66,111
9,45,54,66,111
10,45,54,66,111
11,45,54,66,111
12,45,54,66,111
13,45,54,66,111
14,45,54,66,111
15,45,54,66,111
16,45,54,66,111
17,45,54,66,111
18,45,54,66,111
19,45,54,66,111
20,45,54,66,111
21,45,54,66,111
22,45,54,66,111
23,45,54,66,111
24,45,54,66,111
25,45,54,66,111
26,45,54,66,111
27,45,54,66,111
28,45,54,66,111
29,45,54,66,111
30,45,54,66,111
31,45,54,66,111
32,45,54,66,111
33,45,54,66,111
34,45,54,66,111
35,45,54,66,111
36,45,54,66,111
37,45,54,66,111
38,45,54,66,111
39,45,54,66,111
40,45,54,66,111
41,45,54,66,111
42,45,54,66,111
43,45,54,66,111
44,45,54,66,111
45,45,54,66,111
46,45,54,66,111
47,45,54,66,111
48,45,54,66,111
49,45,54,66,111
50,45,54,66,111
51,45,54,66,111
52,45,54,66,111
53,45,54,66,111
54,45,54,66,111
55,45,54,66,111
56,45,54,66,111
57,45,54,66,111
58,45,54,66,111
59,45,54,66,111
60,45,54,66,111
61,45,54,66,111
62,45,54,66,111
63,45,54,66,111
0,46,42,63,115
1,46,42,63,115
2,46,42,63,115
3,46,42,63,115
4,46,42,63,115
5,46,42,63,115
6,46,42,63,115
7,46,42,63,115
8,46,42,63,115
9,46,42,63,115
10,46,42,63,115
11,46,42,63,115
12,46,42,63,115
13,46,42,63,115
14,46,42,63,115
15,46,42,63,115
16,46,42,63,115
17,46,42,63,115
18,46,42,63,115
19,46,42,63,115
20,46,42,63,115
21,46,42,63,115
22,46,42,63,115
23,46,42,63,115
24,46,42,63,115
25,46,42,63,115
26,46,42,63,115
27,46,42,63,115
28,46,42,63,115
29,46,42,63,115
30,46,42,63,115
31,46,42,63,115
32,46,42,63,115
33,46,42,63,115
34,46,42,63,115
35,46,42,63,115
36,46,42,63,115
37,46,42,63,115
38,46,42,63,115
39,46,42,63,115
40,46,42,63,115
41,46,42,63,115
42,46,42,63,115
43,46,42,63,115
44,46,42,63,115
45,46,42,63,115
46,46,42,63,115
47,46,42,63,115
48,46,42,63,115
49,46,42,63,115
50,46,42,63,115
51,46,42,63,115
52,46,42,63,115
53,46,42,63,115
54,46,42,63,115
55,46,42,63,115
56,46,42,63,115
57,46,42,63,115
58,46,42,63,115
59,46,42,63,115
60,46,42,63,115
61,46,42,63,115
62,46,42,63,115
63,46,42,63,115
0,47,38,67,125
1,47,30,60,120
2,47,38,67,125
3,47,30,60,120
4,47,38,67,125
5,47,30,60,120
6,47,38,67,125
7,47,30,60,120
8,47,38,67,125
9,47,30,60,120
10,47,38,67,125
11,47,30,60,120
12,47,38,67,125
13,47,30,60,120
14,47,38,67,125
15,47,30,60,120
16,47,38,67,125
17,47,30,60,120
18,47,38,67,125
19,47,30,60,120
20,47,38,67,125
21,47,30,60,120
22,47,38,67,125
23,47,30,60,120
24,47,38,67,125
25,47,30,60,120
26,47,38,67,125
27,47,30,60,120
28,47,38,67,125
29,47,30,60,120
30,47,38,67,125
31,47,30,60,120
32,47,38,67,125
33,47,30,60,120
34,47,38,67,125
35,47,30,60,120
36,47,38,67,125
37,47,30,60,120
38,47,38,67,125
39,47,30,60,120
40,47,38,67,125
41,47,30,60,120
42,47,38,67,125
43,47,30,60,120
44,47,38,67,125
45,47,30,60,120
46,47,38,67,125
47,47,30,60,120
48,47,38,67,125
49,47,30,60,120
50,47,38,67,125
51,47,30,60,120
52,47,38,67,125
53,47,30,60,120
54,47,38,67,125
55,47,30,60,120
56,47,38,67,125
57,47,30,60,120
58,47,38,67,125
59,47,30,60,120
60,47,38,67,125
61,47,30,60,120
62,47,38,67,125
63,47,30,60,120