0,0,80,180,255
1,0,80,180,255
2,0,80,180,255
3,0,80,180,255
4,0,80,180,255
5,0,80,180,255
6,0,80,180,255
7,0,80,180,255
8,0,80,180,255
9,0,80,180,255
10,0,80,180,255
11,0,80,180,255
12,0,80,180,255
13,0,80,180,255
14,0,80,180,255
15,0,80,180,255
16,0,80,180,255
17,0,80,180,255
18,0,80,180,255
19,0,80,180,255
20,0,80,180,255
21,0,80,180,255
22,0,80,180,255
23,0,80,180,255
24,0,80,180,255
25,0,80,180,255
26,0,80,180,255
27,0,80,180,255
28,0,80,180,255
29,0,80,180,255
30,0,80,180,255
31,0,80,180,255
32,0,80,180,255
33,0,80,180,255
34,0,80,180,255
35,0,80,180,255
36,0,80,180,255
37,0,80,180,255
38,0,80,180,255
39,0,80,180,255
40,0,80,180,255
41,0,80,180,255
42,0,80,180,255
43,0,80,180,255
44,0,80,180,255
45,0,80,180,255
46,0,80,180,255
47,0,80,180,255
48,0,80,180,255
49,0,80,180,255
50,0,80,180,255
51,0,93,185,247
52,0,93,185,247
53,0,80,180,255
54,0,80,180,255
55,0,80,180,255
56,0,80,180,255
57,0,80,180,255
58,0,80,180,255
59,0,80,180,255
60,0,80,180,255
61,0,80,180,255
62,0,80,180,255
63,0,80,180,255
0,1,84,182,255
1,1,84,182,255
2,1,84,182,255
3,1,84,182,255
4,1,84,182,255
5,1,84,182,255
6,1,84,182,255
7,1,84,182,255
8,1,84,182,255
9,1,84,182,255
10,1,84,182,255
11,1,84,182,255
12,1,84,182,255
13,1,84,182,255
14,1,84,182,255
15,1,84,182,255
16,1,84,182,255
17,1,84,182,255
18,1,84,182,255
19,1,84,182,255
20,1,84,182,255
21,1,84,182,255
22,1,84,182,255
23,1,84,182,255
24,1,84,182,255
25,1,84,182,255
26,1,84,182,255
27,1,84,182,255
28,1,84,182,255
29,1,84,182,255
30,1,84,182,255
31,1,84,182,255
32,1,84,182,255
33,1,84,182,255
34,1,84,182,255
35,1,84,182,255
36,1,84,182,255
37,1,84,182,255
38,1,84,182,255
39,1,84,182,255
40,1,84,182,255
41,1,84,182,255
42,1,84,182,255
43,1,84,182,255
44,1,84,182,255
45,1,84,182,255
46,1,102,190,245
47,1,84,182,255
48,1,84,182,255
49,1,84,182,255
50,1,84,182,255
51,1,97,187,247
52,1,97,187,247
53,1,84,182,255
54,1,84,182,255
55,1,84,182,255
56,1,84,182,255
57,1,102,190,245
58,1,84,182,255
59,1,84,182,255
60,1,84,182,255
61,1,84,182,255
62,1,84,182,255
63,1,84,182,255
0,2,89,184,255
1,2,89,184,255
2,2,89,184,255
3,2,89,184,255
4,2,89,184,255
5,2,89,184,255
6,2,89,184,255
7,2,89,184,255
8,2,89,184,255
9,2,89,184,255
10,2,89,184,255
11,2,89,184,255
12,2,89,184,255
13,2,89,184,255
14,2,89,184,255
15,2,89,184,255
16,2,89,184,255
17,2,89,184,255
18,2,89,184,255
19,2,89,184,255
20,2,89,184,255
21,2,89,184,255
22,2,89,184,255
23,2,89,184,255
24,2,89,184,255
25,2,89,184,255
26,2,89,184,255
27,2,89,184,255
28,2,89,184,255
29,2,89,184,255
30,2,89,184,255
31,2,89,184,255
32,2,89,184,255
33,2,89,184,255
34,2,89,184,255
35,2,89,184,255
36,2,89,184,255
37,2,89,184,255
38,2,89,184,255
39,2,89,184,255
40,2,89,184,255
41,2,89,184,255
42,2,89,184,255
43,2,89,184,255
44,2,89,184,255
45,2,89,184,255
46,2,89,184,255
47,2,115,195,239
48,2,89,184,255
49,2,89,184,255
50,2,89,184,255
51,2,102,189,247
52,2,255,255,130
53,2,89,184,255
54,2,89,184,255
55,2,89,184,255
56,2,114,195,239
57,2,89,184,255
58,2,89,184,255
59,2,89,184,255
60,2,89,184,255
61,2,89,184,255
62,2,89,184,255
63,2,89,184,255
0,3,93,187,255
1,3,93,187,255
2,3,93,187,255
3,3,93,187,255
4,3,93,187,255
5,3,93,187,255
6,3,93,187,255
7,3,93,187,255
8,3,93,187,255
9,3,93,187,255
10,3,93,187,255
11,3,93,187,255
12,3,93,187,255
13,3,93,187,255
14,3,93,187,255
15,3,93,187,255
16,3,93,187,255
17,3,93,187,255
18,3,93,187,255
19,3,93,187,255
20,3,93,187,255
21,3,93,187,255
22,3,93,187,255
23,3,93,187,255
24,3,93,187,255
25,3,93,187,255
26,3,93,187,255
27,3,93,187,255
28,3,93,187,255
29,3,93,187,255
30,3,93,187,255
31,3,93,187,255
32,3,93,187,255
33,3,93,187,255
34,3,239,248,255
35,3,93,187,255
36,3,93,187,255
37,3,93,187,255
38,3,93,187,255
39,3,93,187,255
40,3,93,187,255
41,3,93,187,255
42,3,93,187,255
43,3,93,187,255
44,3,93,187,255
45,3,93,187,255
46,3,93,187,255
47,3,93,187,255
48,3,118,197,239
49,3,255,255,128
50,3,255,255,128
51,3,255,255,130
52,3,255,255,130
53,3,255,255,128
54,3,255,255,128
55,3,255,255,132
56,3,93,187,255
57,3,93,187,255
58,3,93,187,255
59,3,93,187,255
60,3,93,187,255
61,3,93,187,255
62,3,93,187,255
63,3,93,187,255
0,4,97,189,255
1,4,97,189,255
2,4,97,189,255
3,4,97,189,255
4,4,97,189,255
5,4,97,189,255
6,4,97,189,255
7,4,97,189,255
8,4,97,189,255
9,4,97,189,255
10,4,97,189,255
11,4,97,189,255
12,4,97,189,255
13,4,97,189,255
14,4,97,189,255
15,4,97,189,255
16,4,97,189,255
17,4,97,189,255
18,4,97,189,255
19,4,97,189,255
20,4,97,189,255
21,4,97,189,255
22,4,97,189,255
23,4,97,189,255
24,4,97,189,255
25,4,97,189,255
26,4,97,189,255
27,4,97,189,255
28,4,97,189,255
29,4,97,189,255
30,4,239,249,255
31,4,239,249,255
32,4,239,249,255
33,4,239,249,255
34,4,239,249,255
35,4,239,249,255
36,4,239,249,255
37,4,239,249,255
38,4,239,249,255
39,4,97,189,255
40,4,97,189,255
41,4,97,189,255
42,4,97,189,255
43,4,97,189,255
44,4,97,189,255
45,4,97,189,255
46,4,97,189,255
47,4,97,189,255
48,4,255,255,128
49,4,255,255,132
50,4,255,255,128
51,4,255,255,130
52,4,255,255,130
53,4,255,255,128
54,4,255,255,131
55,4,255,255,128
56,4,255,255,128
57,4,97,189,255
58,4,97,189,255
59,4,97,189,255
60,4,97,189,255
61,4,97,189,255
62,4,97,189,255
63,4,97,189,255
0,5,102,191,255
1,5,102,191,255
2,5,102,191,255
3,5,102,191,255
4,5,102,191,255
5,5,102,191,255
6,5,102,191,255
7,5,102,191,255
8,5,102,191,255
9,5,102,191,255
10,5,102,191,255
11,5,102,191,255
12,5,102,191,255
13,5,102,191,255
14,5,102,191,255
15,5,102,191,255
16,5,240,249,255
17,5,102,191,255
18,5,102,191,255
19,5,102,191,255
20,5,102,191,255
21,5,102,191,255
22,5,102,191,255
23,5,102,191,255
24,5,102,191,255
25,5,102,191,255
26,5,102,191,255
27,5,102,191,255
28,5,102,191,255
29,5,240,249,255
30,5,240,249,255
31,5,225,237,249
32,5,225,237,249
33,5,240,249,255
34,5,240,249,255
35,5,240,249,255
36,5,240,249,255
37,5,240,249,255
38,5,240,249,255
39,5,240,249,255
40,5,102,191,255
41,5,102,191,255
42,5,102,191,255
43,5,102,191,255
44,5,102,191,255
45,5,102,191,255
46,5,102,191,255
47,5,102,191,255
48,5,255,255,128
49,5,255,255,128
50,5,255,255,132
51,5,255,255,130
52,5,255,255,130
53,5,255,255,131
54,5,255,255,128
55,5,255,255,128
56,5,255,255,128
57,5,102,191,255
58,5,102,191,255
59,5,102,191,255
60,5,102,191,255
61,5,102,191,255
62,5,102,191,255
63,5,102,191,255
0,6,106,193,255
1,6,106,193,255
2,6,106,193,255
3,6,106,193,255
4,6,106,193,255
5,6,106,193,255
6,6,106,193,255
7,6,106,193,255
8,6,106,193,255
9,6,106,193,255
10,6,106,193,255
11,6,240,249,255
12,6,240,249,255
13,6,240,249,255
14,6,240,249,255
15,6,240,249,255
16,6,240,249,255
17,6,240,249,255
18,6,240,249,255
19,6,240,249,255
20,6,240,249,255
21,6,240,249,255
22,6,106,193,255
23,6,106,193,255
24,6,106,193,255
25,6,106,193,255
26,6,106,193,255
27,6,106,193,255
28,6,106,193,255
29,6,240,249,255
30,6,195,213,236
31,6,195,213,236
32,6,195,213,236
33,6,195,213,236
34,6,240,249,255
35,6,240,249,255
36,6,240,249,255
37,6,240,249,255
38,6,240,249,255
39,6,240,249,255
40,6,106,193,255
41,6,106,193,255
42,6,106,193,255
43,6,106,193,255
44,6,117,197,247
45,6,117,197,247
46,6,117,197,247
47,6,117,197,247
48,6,255,255,130
49,6,255,255,130
50,6,255,255,130
51,6,255,255,134
52,6,255,255,134
53,6,255,255,130
54,6,255,255,130
55,6,255,255,130
56,6,255,255,130
57,6,117,197,247
58,6,117,197,247
59,6,117,197,247
60,6,106,193,255
61,6,106,193,255
62,6,106,193,255
63,6,106,193,255
0,7,110,195,255
1,7,110,195,255
2,7,110,195,255
3,7,110,195,255
4,7,110,195,255
5,7,110,195,255
6,7,110,195,255
7,7,110,195,255
8,7,110,195,255
9,7,241,249,255
10,7,241,249,255
11,7,241,249,255
12,7,241,249,255
13,7,241,249,255
14,7,241,249,255
15,7,241,249,255
16,7,241,249,255
17,7,241,249,255
18,7,241,249,255
19,7,241,249,255
20,7,241,249,255
21,7,241,249,255
22,7,241,249,255
23,7,241,249,255
24,7,110,195,255
25,7,110,195,255
26,7,110,195,255
27,7,110,195,255
28,7,110,195,255
29,7,110,195,255
30,7,225,236,248
31,7,241,249,255
32,7,241,249,255
33,7,225,236,248
34,7,241,249,255
35,7,241,249,255
36,7,241,249,255
37,7,241,249,255
38,7,241,249,255
39,7,110,195,255
40,7,110,195,255
41,7,110,195,255
42,7,110,195,255
43,7,110,195,255
44,7,121,199,247
45,7,121,199,247
46,7,121,199,247
47,7,255,255,243
48,7,255,255,130
49,7,255,255,130
50,7,255,255,130
51,7,255,255,134
52,7,255,255,134
53,7,255,255,130
54,7,255,255,130
55,7,255,255,130
56,7,255,255,130
57,7,255,255,130
58,7,121,199,247
59,7,121,199,247
60,7,110,195,255
61,7,110,195,255
62,7,110,195,255
63,7,110,195,255
0,8,115,197,255
1,8,115,197,255
2,8,115,197,255
3,8,115,197,255
4,8,115,197,255
5,8,115,197,255
6,8,115,197,255
7,8,115,197,255
8,8,241,250,255
9,8,241,250,255
10,8,241,250,255
11,8,241,250,255
12,8,241,250,255
13,8,241,250,255
14,8,241,250,255
15,8,241,250,255
16,8,241,250,255
17,8,241,250,255
18,8,241,250,255
19,8,241,250,255
20,8,241,250,255
21,8,226,238,249
22,8,226,238,249
23,8,241,250,255
24,8,115,197,255
25,8,115,197,255
26,8,115,197,255
27,8,115,197,255
28,8,115,197,255
29,8,115,197,255
30,8,115,197,255
31,8,115,197,255
32,8,115,197,255
33,8,115,197,255
34,8,115,197,255
35,8,115,197,255
36,8,115,197,255
37,8,115,197,255
38,8,115,197,255
39,8,115,197,255
40,8,115,197,255
41,8,115,197,255
42,8,241,250,255
43,8,241,250,255
44,8,241,250,255
45,8,241,250,255
46,8,241,250,255
47,8,241,250,255
48,8,255,255,243
49,8,255,255,243
50,8,255,255,243
51,8,255,255,243
52,8,255,255,243
53,8,255,255,132
54,8,255,255,128
55,8,255,255,128
56,8,255,255,128
57,8,115,197,255
58,8,115,197,255
59,8,115,197,255
60,8,115,197,255
61,8,115,197,255
62,8,115,197,255
63,8,115,197,255
0,9,119,200,255
1,9,119,200,255
2,9,119,200,255
3,9,119,200,255
4,9,119,200,255
5,9,119,200,255
6,9,119,200,255
7,9,119,200,255
8,9,119,200,255
9,9,242,250,255
10,9,242,250,255
11,9,242,250,255
12,9,242,250,255
13,9,242,250,255
14,9,242,250,255
15,9,242,250,255
16,9,242,250,255
17,9,242,250,255
18,9,242,250,255
19,9,242,250,255
20,9,196,214,236
21,9,196,214,236
22,9,196,214,236
23,9,196,214,236
24,9,119,200,255
25,9,119,200,255
26,9,119,200,255
27,9,119,200,255
28,9,119,200,255
29,9,119,200,255
30,9,119,200,255
31,9,119,200,255
32,9,119,200,255
33,9,119,200,255
34,9,119,200,255
35,9,119,200,255
36,9,119,200,255
37,9,119,200,255
38,9,119,200,255
39,9,119,200,255
40,9,119,200,255
41,9,242,250,255
42,9,242,250,255
43,9,242,250,255
44,9,242,250,255
45,9,242,250,255
46,9,242,250,255
47,9,242,250,255
48,9,255,255,243
49,9,255,255,243
50,9,255,255,243
51,9,255,255,243
52,9,255,255,243
53,9,255,255,243
54,9,255,255,132
55,9,255,255,128
56,9,255,255,128
57,9,119,200,255
58,9,119,200,255
59,9,119,200,255
60,9,119,200,255
61,9,119,200,255
62,9,119,200,255
63,9,119,200,255
0,10,123,202,255
1,10,123,202,255
2,10,123,202,255
3,10,123,202,255
4,10,123,202,255
5,10,123,202,255
6,10,123,202,255
7,10,123,202,255
8,10,123,202,255
9,10,123,202,255
10,10,123,202,255
11,10,242,250,255
12,10,242,250,255
13,10,242,250,255
14,10,242,250,255
15,10,242,250,255
16,10,242,250,255
17,10,242,250,255
18,10,242,250,255
19,10,242,250,255
20,10,226,237,248
21,10,242,250,255
22,10,123,202,255
23,10,116,193,248
24,10,123,202,255
25,10,123,202,255
26,10,123,202,255
27,10,123,202,255
28,10,123,202,255
29,10,123,202,255
30,10,123,202,255
31,10,123,202,255
32,10,123,202,255
33,10,123,202,255
34,10,123,202,255
35,10,123,202,255
36,10,123,202,255
37,10,123,202,255
38,10,123,202,255
39,10,123,202,255
40,10,123,202,255
41,10,227,238,249
42,10,227,238,249
43,10,242,250,255
44,10,242,250,255
45,10,242,250,255
46,10,242,250,255
47,10,242,250,255
48,10,255,255,243
49,10,255,255,243
50,10,255,255,243
51,10,255,255,243
52,10,255,255,243
53,10,255,255,243
54,10,255,255,128
55,10,255,255,132
56,10,255,255,128
57,10,123,202,255
58,10,123,202,255
59,10,123,202,255
60,10,123,202,255
61,10,123,202,255
62,10,123,202,255
63,10,123,202,255
0,11,128,204,255
1,11,128,204,255
2,11,128,204,255
3,11,128,204,255
4,11,128,204,255
5,11,128,204,255
6,11,128,204,255
7,11,128,204,255
8,11,128,204,255
9,11,128,204,255
10,11,128,204,255
11,11,128,204,255
12,11,128,204,255
13,11,128,204,255
14,11,128,204,255
15,11,128,204,255
16,11,128,204,255
17,11,128,204,255
18,11,128,204,255
19,11,128,204,255
20,11,128,204,255
21,11,128,204,255
22,11,128,204,255
23,11,128,204,255
24,11,128,204,255
25,11,128,204,255
26,11,128,204,255
27,11,128,204,255
28,11,128,204,255
29,11,128,204,255
30,11,128,204,255
31,11,128,204,255
32,11,128,204,255
33,11,128,204,255
34,11,128,204,255
35,11,128,204,255
36,11,128,204,255
37,11,128,204,255
38,11,128,204,255
39,11,128,204,255
40,11,107,178,236
41,11,107,178,236
42,11,197,214,236
43,11,197,214,236
44,11,243,250,255
45,11,243,250,255
46,11,243,250,255
47,11,245,251,254
48,11,243,250,255
49,11,255,255,243
50,11,255,255,243
51,11,255,255,243
52,11,255,255,243
53,11,255,255,128
54,11,255,255,128
55,11,255,255,128
56,11,148,212,239
57,11,128,204,255
58,11,128,204,255
59,11,128,204,255
60,11,128,204,255
61,11,128,204,255
62,11,128,204,255
63,11,128,204,255
0,12,132,206,255
1,12,132,206,255
2,12,132,206,255
3,12,132,206,255
4,12,132,206,255
5,12,132,206,255
6,12,132,206,255
7,12,132,206,255
8,12,132,206,255
9,12,132,206,255
10,12,132,206,255
11,12,132,206,255
12,12,132,206,255
13,12,132,206,255
14,12,132,206,255
15,12,132,206,255
16,12,132,206,255
17,12,132,206,255
18,12,132,206,255
19,12,132,206,255
20,12,132,206,255
21,12,132,206,255
22,12,132,206,255
23,12,132,206,255
24,12,132,206,255
25,12,132,206,255
26,12,132,206,255
27,12,132,206,255
28,12,132,206,255
29,12,132,206,255
30,12,132,206,255
31,12,132,206,255
32,12,132,206,255
33,12,132,206,255
34,12,132,206,255
35,12,132,206,255
36,12,132,206,255
37,12,132,206,255
38,12,132,206,255
39,12,132,206,255
40,12,124,197,248
41,12,132,206,255
42,12,132,206,255
43,12,124,197,248
44,12,132,206,255
45,12,132,206,255
46,12,145,211,245
47,12,132,206,255
48,12,132,206,255
49,12,132,206,255
50,12,132,206,255
51,12,141,209,247
52,12,255,255,130
53,12,132,206,255
54,12,132,206,255
55,12,132,206,255
56,12,132,206,255
57,12,144,211,244
58,12,132,206,255
59,12,132,206,255
60,12,132,206,255
61,12,132,206,255
62,12,132,206,255
63,12,132,206,255
0,13,137,208,255
1,13,137,208,255
2,13,137,208,255
3,13,137,208,255
4,13,137,208,255
5,13,137,208,255
6,13,137,208,255
7,13,137,208,255
8,13,137,208,255
9,13,137,208,255
10,13,137,208,255
11,13,137,208,255
12,13,137,208,255
13,13,137,208,255
14,13,137,208,255
15,13,137,208,255
16,13,137,208,255
17,13,137,208,255
18,13,137,208,255
19,13,137,208,255
20,13,137,208,255
21,13,137,208,255
22,13,137,208,255
23,13,137,208,255
24,13,137,208,255
25,13,137,208,255
26,13,137,208,255
27,13,137,208,255
28,13,137,208,255
29,13,137,208,255
30,13,137,208,255
31,13,137,208,255
32,13,137,208,255
33,13,137,208,255
34,13,137,208,255
35,13,137,208,255
36,13,137,208,255
37,13,137,208,255
38,13,137,208,255
39,13,137,208,255
40,13,137,208,255
41,13,137,208,255
42,13,137,208,255
43,13,137,208,255
44,13,137,208,255
45,13,137,208,255
46,13,137,208,255
47,13,137,208,255
48,13,137,208,255
49,13,137,208,255
50,13,137,208,255
51,13,146,211,247
52,13,146,211,247
53,13,137,208,255
54,13,137,208,255
55,13,137,208,255
56,13,137,208,255
57,13,137,208,255
58,13,137,208,255
59,13,137,208,255
60,13,137,208,255
61,13,137,208,255
62,13,137,208,255
63,13,137,208,255
0,14,141,210,255
1,14,141,210,255
2,14,141,210,255
3,14,141,210,255
4,14,141,210,255
5,14,141,210,255
6,14,141,210,255
7,14,141,210,255
8,14,141,210,255
9,14,141,210,255
10,14,141,210,255
11,14,141,210,255
12,14,141,210,255
13,14,141,210,255
14,14,141,210,255
15,14,141,210,255
16,14,141,210,255
17,14,141,210,255
18,14,141,210,255
19,14,141,210,255
20,14,141,210,255
21,14,141,210,255
22,14,141,210,255
23,14,141,210,255
24,14,141,210,255
25,14,141,210,255
26,14,141,210,255
27,14,141,210,255
28,14,141,210,255
29,14,141,210,255
30,14,141,210,255
31,14,141,210,255
32,14,141,210,255
33,14,141,210,255
34,14,141,210,255
35,14,141,210,255
36,14,141,210,255
37,14,141,210,255
38,14,141,210,255
39,14,141,210,255
40,14,141,210,255
41,14,141,210,255
42,14,141,210,255
43,14,141,210,255
44,14,141,210,255
45,14,141,210,255
46,14,141,210,255
47,14,141,210,255
48,14,141,210,255
49,14,141,210,255
50,14,141,210,255
51,14,149,213,247
52,14,149,213,247
53,14,141,210,255
54,14,141,210,255
55,14,141,210,255
56,14,141,210,255
57,14,141,210,255
58,14,141,210,255
59,14,141,210,255
60,14,141,210,255
61,14,141,210,255
62,14,141,210,255
63,14,141,210,255
0,15,145,213,255
1,15,145,213,255
2,15,145,213,255
3,15,145,213,255
4,15,145,213,255
5,15,145,213,255
6,15,145,213,255
7,15,145,213,255
8,15,145,213,255
9,15,145,213,255
10,15,145,213,255
11,15,145,213,255
12,15,145,213,255
13,15,145,213,255
14,15,145,213,255
15,15,145,213,255
16,15,145,213,255
17,15,145,213,255
18,15,145,213,255
19,15,145,213,255
20,15,145,213,255
21,15,145,213,255
22,15,145,213,255
23,15,145,213,255
24,15,145,213,255
25,15,145,213,255
26,15,145,213,255
27,15,145,213,255
28,15,145,213,255
29,15,145,213,255
30,15,145,213,255
31,15,145,213,255
32,15,145,213,255
33,15,145,213,255
34,15,145,213,255
35,15,145,213,255
36,15,145,213,255
37,15,145,213,255
38,15,145,213,255
39,15,145,213,255
40,15,145,213,255
41,15,145,213,255
42,15,145,213,255
43,15,145,213,255
44,15,145,213,255
45,15,145,213,255
46,15,145,213,255
47,15,145,213,255
48,15,145,213,255
49,15,145,213,255
50,15,145,213,255
51,15,145,213,255
52,15,145,213,255
53,15,145,213,255
54,15,145,213,255
55,15,145,213,255
56,15,145,213,255
57,15,145,213,255
58,15,145,213,255
59,15,145,213,255
60,15,145,213,255
61,15,145,213,255
62,15,145,213,255
63,15,145,213,255
0,16,150,215,255
1,16,150,215,255
2,16,150,215,255
3,16,150,215,255
4,16,150,215,255
5,16,150,215,255
6,16,150,215,255
7,16,150,215,255
8,16,150,215,255
9,16,150,215,255
10,16,150,215,255
11,16,150,215,255
12,16,150,215,255
13,16,150,215,255
14,16,150,215,255
15,16,150,215,255
16,16,150,215,255
17,16,150,215,255
18,16,150,215,255
19,16,150,215,255
20,16,150,215,255
21,16,150,215,255
22,16,150,215,255
23,16,150,215,255
24,16,150,215,255
25,16,150,215,255
26,16,150,215,255
27,16,150,215,255
28,16,150,215,255
29,16,150,215,255
30,16,150,215,255
31,16,150,215,255
32,16,150,215,255
33,16,150,215,255
34,16,150,215,255
35,16,150,215,255
36,16,150,215,255
37,16,150,215,255
38,16,150,215,255
39,16,150,215,255
40,16,150,215,255
41,16,150,215,255
42,16,150,215,255
43,16,150,215,255
44,16,150,215,255
45,16,150,215,255
46,16,150,215,255
47,16,150,215,255
48,16,150,215,255
49,16,150,215,255
50,16,150,215,255
51,16,150,215,255
52,16,150,215,255
53,16,150,215,255
54,16,150,215,255
55,16,150,215,255
56,16,150,215,255
57,16,150,215,255
58,16,150,215,255
59,16,150,215,255
60,16,150,215,255
61,16,150,215,255
62,16,150,215,255
63,16,150,215,255
0,17,154,217,255
1,17,154,217,255
2,17,154,217,255
3,17,154,217,255
4,17,154,217,255
5,17,154,217,255
6,17,154,217,255
7,17,154,217,255
8,17,154,217,255
9,17,154,217,255
10,17,154,217,255
11,17,154,217,255
12,17,154,217,255
13,17,154,217,255
14,17,154,217,255
15,17,154,217,255
16,17,154,217,255
17,17,154,217,255
18,17,154,217,255
19,17,154,217,255
20,17,154,217,255
21,17,154,217,255
22,17,154,217,255
23,17,154,217,255
24,17,154,217,255
25,17,154,217,255
26,17,154,217,255
27,17,154,217,255
28,17,154,217,255
29,17,154,217,255
30,17,154,217,255
31,17,154,217,255
32,17,154,217,255
33,17,154,217,255
34,17,154,217,255
35,17,154,217,255
36,17,154,217,255
37,17,154,217,255
38,17,154,217,255
39,17,154,217,255
40,17,154,217,255
41,17,154,217,255
42,17,154,217,255
43,17,154,217,255
44,17,154,217,255
45,17,154,217,255
46,17,154,217,255
47,17,154,217,255
48,17,154,217,255
49,17,154,217,255
50,17,154,217,255
51,17,154,217,255
52,17,154,217,255
53,17,154,217,255
54,17,154,217,255
55,17,154,217,255
56,17,154,217,255
57,17,154,217,255
58,17,154,217,255
59,17,154,217,255
60,17,154,217,255
61,17,154,217,255
62,17,154,217,255
63,17,154,217,255
0,18,158,219,255
1,18,158,219,255
2,18,158,219,255
3,18,158,219,255
4,18,158,219,255
5,18,158,219,255
6,18,158,219,255
7,18,158,219,255
8,18,158,219,255
9,18,158,219,255
10,18,158,219,255
11,18,158,219,255
12,18,158,219,255
13,18,158,219,255
14,18,158,219,255
15,18,158,219,255
16,18,158,219,255
17,18,158,219,255
18,18,158,219,255
19,18,158,219,255
20,18,158,219,255
21,18,158,219,255
22,18,158,219,255
23,18,158,219,255
24,18,158,219,255
25,18,158,219,255
26,18,158,219,255
27,18,158,219,255
28,18,158,219,255
29,18,158,219,255
30,18,158,219,255
31,18,158,219,255
32,18,158,219,255
33,18,158,219,255
34,18,158,219,255
35,18,158,219,255
36,18,158,219,255
37,18,158,219,255
38,18,158,219,255
39,18,158,219,255
40,18,158,219,255
41,18,158,219,255
42,18,158,219,255
43,18,158,219,255
44,18,158,219,255
45,18,158,219,255
46,18,158,219,255
47,18,158,219,255
48,18,158,219,255
49,18,158,219,255
50,18,158,219,255
51,18,158,219,255
52,18,158,219,255
53,18,158,219,255
54,18,158,219,255
55,18,158,219,255
56,18,158,219,255
57,18,158,219,255
58,18,158,219,255
59,18,158,219,255
60,18,158,219,255
61,18,158,219,255
62,18,158,219,255
63,18,158,219,255
0,19,163,221,255
1,19,163,221,255
2,19,163,221,255
3,19,163,221,255
4,19,163,221,255
5,19,163,221,255
6,19,163,221,255
7,19,163,221,255
8,19,163,221,255
9,19,163,221,255
10,19,163,221,255
11,19,163,221,255
12,19,163,221,255
13,19,163,221,255
14,19,163,221,255
15,19,163,221,255
16,19,163,221,255
17,19,163,221,255
18,19,163,221,255
19,19,163,221,255
20,19,163,221,255
21,19,163,221,255
22,19,163,221,255
23,19,163,221,255
24,19,163,221,255
25,19,163,221,255
26,19,163,221,255
27,19,163,221,255
28,19,163,221,255
29,19,163,221,255
30,19,163,221,255
31,19,163,221,255
32,19,163,221,255
33,19,163,221,255
34,19,163,221,255
35,19,163,221,255
36,19,163,221,255
37,19,163,221,255
38,19,163,221,255
39,19,163,221,255
40,19,163,221,255
41,19,163,221,255
42,19,163,221,255
43,19,163,221,255
44,19,163,221,255
45,19,163,221,255
46,19,163,221,255
47,19,163,221,255
48,19,163,221,255
49,19,163,221,255
50,19,163,221,255
51,19,163,221,255
52,19,163,221,255
53,19,163,221,255
54,19,163,221,255
55,19,163,221,255
56,19,163,221,255
57,19,163,221,255
58,19,163,221,255
59,19,163,221,255
60,19,163,221,255
61,19,163,221,255
62,19,163,221,255
63,19,163,221,255
0,20,167,223,255
1,20,167,223,255
2,20,167,223,255
3,20,167,223,255
4,20,167,223,255
5,20,167,223,255
6,20,167,223,255
7,20,167,223,255
8,20,167,223,255
9,20,167,223,255
10,20,167,223,255
11,20,167,223,255
12,20,167,223,255
13,20,167,223,255
14,20,167,223,255
15,20,167,223,255
16,20,167,223,255
17,20,167,223,255
18,20,167,223,255
19,20,167,223,255
20,20,167,223,255
21,20,167,223,255
22,20,167,223,255
23,20,167,223,255
24,20,167,223,255
25,20,167,223,255
26,20,167,223,255
27,20,167,223,255
28,20,167,223,255
29,20,167,223,255
30,20,167,223,255
31,20,167,223,255
32,20,167,223,255
33,20,167,223,255
34,20,167,223,255
35,20,167,223,255
36,20,167,223,255
37,20,167,223,255
38,20,167,223,255
39,20,167,223,255
40,20,167,223,255
41,20,167,223,255
42,20,167,223,255
43,20,167,223,255
44,20,167,223,255
45,20,167,223,255
46,20,167,223,255
47,20,167,223,255
48,20,167,223,255
49,20,167,223,255
50,20,167,223,255
51,20,167,223,255
52,20,167,223,255
53,20,167,223,255
54,20,167,223,255
55,20,167,223,255
56,20,167,223,255
57,20,167,223,255
58,20,167,223,255
59,20,167,223,255
60,20,167,223,255
61,20,167,223,255
62,20,167,223,255
63,20,167,223,255
0,21,171,226,255
1,21,171,226,255
2,21,171,226,255
3,21,171,226,255
4,21,171,226,255
5,21,171,226,255
6,21,171,226,255
7,21,171,226,255
8,21,171,226,255
9,21,171,226,255
10,21,171,226,255
11,21,171,226,255
12,21,171,226,255
13,21,171,226,255
14,21,171,226,255
15,21,171,226,255
16,21,171,226,255
17,21,171,226,255
18,21,171,226,255
19,21,171,226,255
20,21,171,226,255
21,21,171,226,255
22,21,171,226,255
23,21,171,226,255
24,21,171,226,255
25,21,171,226,255
26,21,171,226,255
27,21,171,226,255
28,21,171,226,255
29,21,171,226,255
30,21,171,226,255
31,21,171,226,255
32,21,171,226,255
33,21,171,226,255
34,21,171,226,255
35,21,171,226,255
36,21,171,226,255
37,21,171,226,255
38,21,171,226,255
39,21,171,226,255
40,21,171,226,255
41,21,171,226,255
42,21,171,226,255
43,21,171,226,255
44,21,171,226,255
45,21,171,226,255
46,21,171,226,255
47,21,171,226,255
48,21,171,226,255
49,21,171,226,255
50,21,171,226,255
51,21,171,226,255
52,21,171,226,255
53,21,171,226,255
54,21,171,226,255
55,21,171,226,255
56,21,171,226,255
57,21,171,226,255
58,21,171,226,255
59,21,171,226,255
60,21,171,226,255
61,21,171,226,255
62,21,171,226,255
63,21,171,226,255
0,22,176,228,255
1,22,176,228,255
2,22,176,228,255
3,22,176,228,255
4,22,176,228,255
5,22,176,228,255
6,22,176,228,255
7,22,176,228,255
8,22,176,228,255
9,22,176,228,255
10,22,176,228,255
11,22,176,228,255
12,22,176,228,255
13,22,176,228,255
14,22,176,228,255
15,22,176,228,255
16,22,176,228,255
17,22,176,228,255
18,22,176,228,255
19,22,176,228,255
20,22,176,228,255
21,22,176,228,255
22,22,176,228,255
23,22,176,228,255
24,22,176,228,255
25,22,176,228,255
26,22,176,228,255
27,22,176,228,255
28,22,176,228,255
29,22,176,228,255
30,22,176,228,255
31,22,176,228,255
32,22,176,228,255
33,22,176,228,255
34,22,176,228,255
35,22,176,228,255
36,22,176,228,255
37,22,176,228,255
38,22,176,228,255
39,22,176,228,255
40,22,176,228,255
41,22,176,228,255
42,22,176,228,255
43,22,176,228,255
44,22,176,228,255
45,22,176,228,255
46,22,176,228,255
47,22,176,228,255
48,22,176,228,255
49,22,176,228,255
50,22,176,228,255
51,22,176,228,255
52,22,176,228,255
53,22,176,228,255
54,22,176,228,255
55,22,176,228,255
56,22,176,228,255
57,22,176,228,255
58,22,176,228,255
59,22,176,228,255
60,22,176,228,255
61,22,176,228,255
62,22,176,228,255
63,22,176,228,255
0,23,180,230,255
1,23,180,230,255
2,23,180,230,255
3,23,180,230,255
4,23,180,230,255
5,23,180,230,255
6,23,180,230,255
7,23,180,230,255
8,23,180,230,255
9,23,180,230,255
10,23,180,230,255
11,23,180,230,255
12,23,180,230,255
13,23,180,230,255
14,23,180,230,255
15,23,180,230,255
16,23,180,230,255
17,23,180,230,255
18,23,180,230,255
19,23,180,230,255
20,23,180,230,255
21,23,180,230,255
22,23,180,230,255
23,23,180,230,255
24,23,180,230,255
25,23,180,230,255
26,23,180,230,255
27,23,180,230,255
28,23,180,230,255
29,23,180,230,255
30,23,180,230,255
31,23,180,230,255
32,23,180,230,255
33,23,180,230,255
34,23,180,230,255
35,23,180,230,255
36,23,180,230,255
37,23,180,230,255
38,23,180,230,255
39,23,180,230,255
40,23,180,230,255
41,23,180,230,255
42,23,180,230,255
43,23,180,230,255
44,23,180,230,255
45,23,180,230,255
46,23,180,230,255
47,23,180,230,255
48,23,180,230,255
49,23,180,230,255
50,23,180,230,255
51,23,180,230,255
52,23,180,230,255
53,23,180,230,255
54,23,180,230,255
55,23,180,230,255
56,23,180,230,255
57,23,180,230,255
58,23,180,230,255
59,23,180,230,255
60,23,180,230,255
61,23,180,230,255
62,23,180,230,255
63,23,180,230,255
0,24,0,142,205
1,24,0,144,206
2,24,0,144,206
3,24,0,142,206
4,24,0,139,205
5,24,0,135,204
6,24,0,130,202
7,24,0,125,201
8,24,0,122,201
9,24,0,120,200
10,24,0,120,200
11,24,0,122,201
12,24,0,126,201
13,24,0,130,203
14,24,0,135,204
15,24,0,139,205
16,24,0,142,206
17,24,0,144,206
18,24,0,144,206
19,24,0,141,205
20,24,0,138,204
21,24,0,133,203
22,24,0,129,202
23,24,0,124,201
24,24,0,121,200
25,24,0,120,200
26,24,0,121,200
27,24,0,123,201
28,24,0,127,202
29,24,0,131,203
30,24,0,136,204
31,24,0,140,205
32,24,0,143,206
33,24,0,144,206
34,24,0,143,206
35,24,0,141,205
36,24,0,137,204
37,24,0,132,203
38,24,0,127,202
39,24,0,123,201
40,24,0,121,200
41,24,0,120,200
42,24,0,121,200
43,24,0,124,201
44,24,0,128,202
45,24,0,133,203
46,24,0,137,204
47,24,0,141,205
48,24,0,143,206
49,24,0,144,206
50,24,0,143,206
51,24,0,139,205
52,24,0,135,204
53,24,0,130,203
54,24,0,126,201
55,24,0,122,201
56,24,0,120,200
57,24,0,120,200
58,24,0,122,200
59,24,0,125,201
60,24,0,129,202
61,24,0,134,204
62,24,0,139,205
63,24,0,142,205
0,25,0,148,207
1,25,0,149,207
2,25,0,148,207
3,25,0,145,206
4,25,0,141,205
5,25,32,160,64
6,25,0,132,203
7,25,0,128,202
8,25,0,126,201
9,25,0,125,201
10,25,0,127,202
11,25,0,130,202
12,25,0,134,203
13,25,0,139,205
14,25,0,143,206
15,25,0,147,207
16,25,0,149,207
17,25,0,149,207
18,25,0,147,207
19,25,0,144,206
20,25,0,140,205
21,25,0,135,204
22,25,0,130,203
23,25,0,127,202
24,25,0,125,201
25,25,0,125,201
26,25,0,127,202
27,25,0,131,203
28,25,0,135,204
29,25,0,140,205
30,25,0,144,206
31,25,0,148,207
32,25,0,149,207
33,25,0,149,207
34,25,0,146,207
35,25,0,143,206
36,25,0,138,205
37,25,0,133,203
38,25,0,129,202
39,25,0,126,202
40,25,0,125,201
41,25,0,126,201
42,25,0,128,202
43,25,0,132,203
44,25,0,137,204
45,25,0,141,205
46,25,0,145,206
47,25,0,148,207
48,25,0,149,207
49,25,0,148,207
50,25,0,145,206
51,25,0,141,205
52,25,0,137,204
53,25,0,132,203
54,25,0,128,202
55,25,0,126,201
56,25,0,125,201
57,25,0,126,202
58,25,0,129,202
59,25,0,133,203
60,25,0,138,205
61,25,0,143,206
62,25,0,146,207
63,25,0,149,207
0,26,0,154,209
1,26,0,153,208
2,26,0,151,208
3,26,32,160,64
4,26,32,160,64
5,26,32,160,64
6,26,0,134,203
7,26,32,160,64
8,26,0,130,203
9,26,0,131,203
10,26,0,134,203
11,26,0,138,204
12,26,0,143,206
13,26,0,147,207
14,26,0,151,208
15,26,0,154,208
16,26,0,154,209
17,26,0,153,208
18,26,0,150,207
19,26,0,146,206
20,26,0,141,205
21,26,0,137,204
22,26,0,133,203
23,26,0,131,203
24,26,0,130,203
25,26,0,132,203
26,26,0,135,204
27,26,0,139,205
28,26,0,144,206
29,26,0,148,207
30,26,0,152,208
31,26,0,154,208
32,26,0,154,208
33,26,0,152,208
34,26,0,149,207
35,26,0,144,206
36,26,0,140,205
37,26,0,135,204
38,26,0,132,203
39,26,0,130,203
40,26,0,131,203
41,26,0,133,203
42,26,0,136,204
43,26,0,141,205
44,26,0,145,206
45,26,0,150,207
46,26,0,153,208
47,26,0,154,209
48,26,0,154,208
49,26,0,151,208
50,26,0,148,207
51,26,0,143,206
52,26,0,138,205
53,26,0,134,204
54,26,0,131,203
55,26,0,130,203
56,26,0,131,203
57,26,0,133,203
58,26,0,137,204
59,26,0,142,205
60,26,0,147,207
61,26,0,151,208
62,26,0,153,208
63,26,0,154,209
0,27,0,159,210
1,27,0,157,209
2,27,32,160,64
3,27,32,160,64
4,27,32,160,64
5,27,32,160,64
6,27,32,160,64
7,27,32,160,64
8,27,0,136,204
9,27,0,138,205
10,27,0,142,205
11,27,0,146,207
12,27,0,151,208
13,27,0,155,209
14,27,0,158,210
15,27,0,159,210
16,27,0,158,210
17,27,0,156,209
18,27,0,152,208
19,27,0,147,207
20,27,0,143,206
21,27,0,139,205
22,27,0,136,204
23,27,0,135,204
24,27,0,136,204
25,27,0,139,205
26,27,0,143,206
27,27,0,148,207
28,27,0,152,208
29,27,0,156,209
30,27,0,159,210
31,27,0,159,210
32,27,0,158,209
33,27,0,155,209
34,27,0,151,208
35,27,0,146,206
36,27,0,141,205
37,27,0,138,204
38,27,0,136,204
39,27,0,135,204
40,27,0,137,204
41,27,0,140,205
42,27,0,145,206
43,27,0,149,207
44,27,0,154,208
45,27,0,157,209
46,27,0,159,210
47,27,0,159,210
48,27,0,157,209
49,27,0,154,208
50,27,0,149,207
51,27,0,145,206
52,27,0,140,205
53,27,0,137,204
54,27,0,135,204
55,27,0,136,204
56,27,0,138,204
57,27,0,141,205
58,27,0,146,206
59,27,0,151,208
60,27,0,155,209
61,27,0,158,209
62,27,0,159,210
63,27,0,159,210
0,28,0,163,211
1,28,32,160,64
2,28,32,160,64
3,28,0,150,208
4,28,32,160,64
5,28,32,160,64
6,28,32,160,64
7,28,0,141,205
8,28,32,160,64
9,28,32,160,64
10,28,0,150,208
11,28,0,155,209
12,28,0,159,210
13,28,0,163,211
14,28,0,164,211
15,28,0,164,211
16,28,0,162,210
17,28,0,158,210
18,28,0,154,208
19,28,0,149,207
20,28,0,145,206
21,28,0,142,205
22,28,0,140,205
23,28,0,141,205
24,28,0,143,206
25,28,0,147,207
26,28,0,152,208
27,28,0,156,209
28,28,0,161,210
29,28,0,163,211
30,28,0,164,211
31,28,0,164,211
32,28,0,161,210
33,28,0,157,209
34,28,0,152,208
35,28,0,148,207
36,28,0,144,206
37,28,0,141,205
38,28,0,140,205
39,28,0,141,205
40,28,0,144,206
41,28,0,148,207
42,28,0,153,208
43,28,0,158,209
44,28,0,162,210
45,28,0,164,211
46,28,0,164,211
47,28,0,163,211
48,28,0,160,210
49,28,0,156,209
50,28,0,151,208
51,28,0,146,207
52,28,0,143,206
53,28,0,141,205
54,28,0,141,205
55,28,0,142,206
56,28,0,145,206
57,28,0,150,207
58,28,0,155,209
59,28,0,159,210
60,28,0,162,211
61,28,0,164,211
62,28,0,164,211
63,28,0,162,211
0,29,32,160,64
1,29,32,160,64
2,29,0,157,209
3,29,24,96,48
4,29,32,160,64
5,29,32,160,64
6,29,0,146,206
7,29,24,96,48
8,29,32,160,64
9,29,0,154,209
10,29,0,159,210
11,29,0,164,211
12,29,0,167,212
13,29,0,169,212
14,29,0,169,212
15,29,0,168,212
16,29,0,164,211
17,29,0,160,210
18,29,0,155,209
19,29,0,151,208
20,29,0,147,207
21,29,0,146,206
22,29,0,146,206
23,29,0,148,207
24,29,0,151,208
25,29,0,156,209
26,29,0,160,210
27,29,0,165,211
28,29,0,168,212
29,29,0,169,212
30,29,0,169,212
31,29,0,167,212
32,29,0,163,211
33,29,0,159,210
34,29,0,154,208
35,29,0,150,207
36,29,0,147,207
37,29,0,145,206
38,29,0,146,207
39,29,0,149,207
40,29,0,152,208
41,29,0,157,209
42,29,0,162,210
43,29,0,166,211
44,29,0,168,212
45,29,0,169,212
46,29,0,169,212
47,29,0,166,211
48,29,0,162,210
49,29,0,157,209
50,29,0,152,208
51,29,0,149,207
52,29,0,146,207
53,29,0,145,206
54,29,0,147,207
55,29,0,150,207
56,29,0,154,208
57,29,0,158,210
58,29,0,163,211
59,29,0,167,212
60,29,0,169,212
61,29,0,169,212
62,29,0,168,212
63,29,0,165,211
0,30,0,167,212
1,30,0,163,211
2,30,32,160,64
3,30,0,154,209
4,30,32,160,64
5,30,32,160,64
6,30,128,64,32
7,30,0,154,209
8,30,0,158,210
9,30,0,163,211
10,30,0,168,212
11,30,0,171,213
12,30,0,174,213
13,30,0,175,214
14,30,0,173,213
15,30,0,170,213
16,30,0,166,212
17,30,0,161,210
18,30,0,157,209
19,30,0,153,208
20,30,0,151,208
21,30,0,151,208
22,30,0,152,208
23,30,0,155,209
24,30,0,160,210
25,30,0,164,211
26,30,0,169,212
27,30,0,172,213
28,30,0,174,214
29,30,0,174,214
30,30,0,173,213
31,30,0,169,212
32,30,0,165,211
33,30,0,160,210
34,30,0,156,209
35,30,0,152,208
36,30,0,151,208
37,30,0,151,208
38,30,0,153,208
39,30,0,156,209
40,30,0,161,210
41,30,0,166,211
42,30,0,170,212
43,30,0,173,213
44,30,0,174,214
45,30,0,174,214
46,30,0,172,213
47,30,0,168,212
48,30,0,163,211
49,30,0,159,210
50,30,0,155,209
51,30,0,152,208
52,30,0,151,208
53,30,0,151,208
54,30,0,154,208
55,30,0,158,209
56,30,0,162,211
57,30,0,167,212
58,30,0,171,213
59,30,0,174,213
60,30,0,175,214
61,30,0,174,213
62,30,0,171,213
63,30,0,167,212
0,31,0,169,212
1,31,0,164,211
2,31,0,160,210
3,31,32,160,64
4,31,32,160,64
5,31,128,64,32
6,31,0,158,210
7,31,0,162,211
8,31,0,167,212
9,31,0,172,213
10,31,0,176,214
11,31,0,179,215
12,31,0,180,215
13,31,0,179,215
14,31,0,176,214
15,31,0,172,213
16,31,0,168,212
17,31,0,163,211
18,31,0,159,210
19,31,0,156,209
20,31,0,156,209
21,31,0,157,209
22,31,0,159,210
23,31,0,164,211
24,31,0,168,212
25,31,0,173,213
26,31,0,177,214
27,31,0,179,215
28,31,0,180,215
29,31,0,178,215
30,31,0,175,214
31,31,0,171,213
32,31,0,166,212
33,31,0,162,210
34,31,0,158,210
35,31,0,156,209
36,31,0,156,209
37,31,0,157,209
38,31,0,161,210
39,31,0,165,211
40,31,0,170,212
41,31,0,174,214
42,31,0,178,214
43,31,0,179,215
44,31,0,179,215
45,31,0,178,214
46,31,0,174,214
47,31,0,170,212
48,31,0,165,211
49,31,0,161,210
50,31,0,157,209
51,31,0,156,209
52,31,0,156,209
53,31,0,158,210
54,31,0,162,210
55,31,0,166,212
56,31,0,171,213
57,31,0,175,214
58,31,0,178,215
59,31,0,180,215
60,31,0,179,215
61,31,0,177,214
62,31,0,173,213
63,31,0,168,212
0,32,0,171,213
1,32,0,166,212
2,32,0,163,211
3,32,0,161,210
4,32,0,161,210
5,32,107,64,16
6,32,0,166,212
7,32,0,171,213
8,32,0,176,214
9,32,0,180,215
10,32,0,183,216
11,32,0,185,216
12,32,0,184,216
13,32,0,182,216
14,32,0,179,215
15,32,0,174,214
16,32,0,169,212
17,32,0,165,211
18,32,0,162,211
19,32,0,161,210
20,32,0,161,210
21,32,0,164,211
22,32,0,168,212
23,32,0,172,213
24,32,0,177,214
25,32,0,181,215
26,32,0,184,216
27,32,0,185,216
28,32,0,184,216
29,32,0,181,215
30,32,0,177,214
31,32,0,173,213
32,32,0,168,212
33,32,0,164,211
34,32,0,162,210
35,32,0,161,210
36,32,0,162,210
37,32,0,165,211
38,32,0,169,212
39,32,0,174,213
40,32,0,178,215
41,32,0,182,215
42,32,0,184,216
43,32,0,185,216
44,32,0,183,216
45,32,0,180,215
46,32,0,176,214
47,32,0,171,213
48,32,0,167,212
49,32,0,163,211
50,32,0,161,210
51,32,0,161,210
52,32,0,163,211
53,32,0,166,211
54,32,0,170,213
55,32,0,175,214
56,32,0,179,215
57,32,0,183,216
58,32,0,185,216
59,32,0,184,216
60,32,0,183,216
61,32,0,179,215
62,32,0,175,214
63,32,0,170,212
0,33,0,172,213
1,33,0,169,212
2,33,0,166,212
3,33,0,166,211
4,33,0,167,212
5,33,107,64,16
6,33,0,175,214
7,33,0,179,215
8,33,0,184,216
9,33,0,187,217
10,33,0,189,217
11,33,0,190,217
12,33,0,188,217
13,33,0,185,216
14,33,0,180,215
15,33,0,176,214
16,33,0,171,213
17,33,0,168,212
18,33,0,166,212
19,33,0,166,212
20,33,0,168,212
21,33,0,172,213
22,33,0,176,214
23,33,0,181,215
24,33,0,185,216
25,33,0,188,217
26,33,0,190,217
27,33,0,189,217
28,33,0,187,217
29,33,0,183,216
30,33,0,179,215
31,33,0,174,214
32,33,0,170,213
33,33,0,167,212
34,33,0,166,211
35,33,0,166,212
36,33,0,169,212
37,33,0,173,213
38,33,0,177,214
39,33,0,182,216
40,33,0,186,217
41,33,0,189,217
42,33,0,190,217
43,33,0,189,217
44,33,0,186,217
45,33,0,182,216
46,33,0,178,214
47,33,0,173,213
48,33,0,169,212
49,33,0,167,212
50,33,0,166,211
51,33,0,167,212
52,33,0,170,212
53,33,0,174,214
54,33,0,179,215
55,33,0,183,216
56,33,0,187,217
57,33,0,189,217
58,33,0,190,217
59,33,0,188,217
60,33,0,185,216
61,33,0,181,215
62,33,0,176,214
63,33,0,172,213
0,34,0,175,214
1,34,0,172,213
2,34,0,171,213
3,34,0,172,213
4,34,107,64,16
5,34,107,64,16
6,34,85,88,55
7,34,0,188,217
8,34,0,192,218
9,34,0,194,219
10,34,0,195,219
11,34,107,219,233
12,34,107,218,233
13,34,107,215,233
14,34,107,212,232
15,34,107,210,231
16,34,107,208,230
17,34,0,171,213
18,34,0,171,213
19,34,0,173,213
20,34,0,176,214
21,34,0,180,215
22,34,0,185,216
23,34,0,189,217
24,34,0,193,218
25,34,0,195,219
26,34,0,195,219
27,34,0,193,218
28,34,0,190,217
29,34,107,214,232
30,34,107,211,232
31,34,107,209,231
32,34,107,207,230
33,34,107,206,230
34,34,107,206,230
35,34,0,173,213
36,34,0,177,214
37,34,0,181,215
38,34,0,186,217
39,34,0,190,218
40,34,0,193,218
41,34,0,195,219
42,34,0,194,219
43,34,0,192,218
44,34,0,188,217
45,34,0,184,216
46,34,0,179,215
47,34,107,208,231
48,34,107,207,230
49,34,107,206,230
50,34,107,207,230
51,34,107,208,231
52,34,107,210,232
53,34,0,183,216
54,34,0,187,217
55,34,0,191,218
56,34,0,194,219
57,34,0,195,219
58,34,0,194,218
59,34,0,191,218
60,34,0,187,217
61,34,0,182,216
62,34,0,178,214
63,34,0,174,213
0,35,107,210,231
1,35,107,209,231
2,35,0,177,214
3,35,0,179,215
4,35,0,183,216
5,35,107,64,16
6,35,0,192,218
7,35,0,196,219
8,35,107,222,235
9,35,107,223,235
10,35,107,222,235
11,35,0,197,219
12,35,0,193,218
13,35,0,188,217
14,35,0,183,216
15,35,0,179,215
16,35,0,177,214
17,35,107,209,231
18,35,107,210,231
19,35,107,211,232
20,35,0,184,216
21,35,0,189,217
22,35,0,193,218
23,35,0,197,219
24,35,0,199,220
25,35,0,200,220
26,35,107,222,235
27,35,107,221,234
28,35,107,218,233
29,35,0,187,217
30,35,0,182,216
31,35,0,179,215
32,35,0,176,214
33,35,0,176,214
34,35,0,178,214
35,35,107,212,232
36,35,107,214,232
37,35,107,217,233
38,35,0,194,219
39,35,0,198,219
40,35,0,200,220
41,35,0,200,220
42,35,0,198,219
43,35,0,195,219
44,35,107,217,233
45,35,107,214,232
46,35,107,212,232
47,35,0,178,214
48,35,0,176,214
49,35,0,176,214
50,35,0,178,215
51,35,0,182,216
52,35,0,187,217
53,35,107,218,233
54,35,107,221,234
55,35,107,222,235
56,35,0,200,220
57,35,0,199,220
58,35,0,197,219
59,35,0,193,218
60,35,0,189,217
61,35,0,184,216
62,35,107,211,232
63,35,107,210,231
0,36,240,210,130
1,36,240,210,130
2,36,246,229,182
3,36,246,229,182
4,36,246,229,182
5,36,107,64,16
6,36,246,229,182
7,36,246,229,182
8,36,240,210,130
9,36,240,210,130
10,36,240,210,130
11,36,240,210,130
12,36,240,210,130
13,36,240,210,130
14,36,240,210,130
15,36,240,210,130
16,36,240,210,130
17,36,240,210,130
18,36,240,210,130
19,36,240,210,130
20,36,246,229,182
21,36,246,229,182
22,36,246,229,182
23,36,246,229,182
24,36,246,229,182
25,36,246,229,182
26,36,240,210,130
27,36,240,210,130
28,36,240,210,130
29,36,240,210,130
30,36,240,210,130
31,36,240,210,130
32,36,240,210,130
33,36,240,210,130
34,36,240,210,130
35,36,240,210,130
36,36,240,210,130
37,36,240,210,130
38,36,246,229,182
39,36,246,229,182
40,36,246,229,182
41,36,246,229,182
42,36,246,229,182
43,36,246,229,182
44,36,240,210,130
45,36,240,210,130
46,36,240,210,130
47,36,240,210,130
48,36,240,210,130
49,36,240,210,130
50,36,240,210,130
51,36,240,210,130
52,36,240,210,130
53,36,240,210,130
54,36,240,210,130
55,36,240,210,130
56,36,246,229,182
57,36,246,229,182
58,36,246,229,182
59,36,246,229,182
60,36,246,229,182
61,36,246,229,182
62,36,240,210,130
63,36,240,210,130
0,37,237,207,127
1,37,237,207,127
2,37,237,207,127
3,37,237,207,127
4,37,237,207,127
5,37,107,64,16
6,37,237,207,127
7,37,237,207,127
8,37,237,207,127
9,37,237,207,127
10,37,237,207,127
11,37,237,207,127
12,37,237,207,127
13,37,237,207,127
14,37,237,207,127
15,37,237,207,127
16,37,237,207,127
17,37,237,207,127
18,37,237,207,127
19,37,237,207,127
20,37,237,207,127
21,37,237,207,127
22,37,237,207,127
23,37,237,207,127
24,37,237,207,127
25,37,237,207,127
26,37,237,207,127
27,37,237,207,127
28,37,237,207,127
29,37,237,207,127
30,37,237,207,127
31,37,237,207,127
32,37,237,207,127
33,37,237,207,127
34,37,237,207,127
35,37,237,207,127
36,37,237,207,127
37,37,237,207,127
38,37,237,207,127
39,37,237,207,127
40,37,237,207,127
41,37,237,207,127
42,37,237,207,127
43,37,237,207,127
44,37,237,207,127
45,37,237,207,127
46,37,237,207,127
47,37,237,207,127
48,37,237,207,127
49,37,237,207,127
50,37,237,207,127
51,37,237,207,127
52,37,237,207,127
53,37,237,207,127
54,37,237,207,127
55,37,237,207,127
56,37,237,207,127
57,37,237,207,127
58,37,237,207,127
59,37,237,207,127
60,37,237,207,127
61,37,237,207,127
62,37,237,207,127
63,37,237,207,127
0,38,235,205,125
1,38,235,205,125
2,38,235,205,125
3,38,235,205,125
4,38,235,205,125
5,38,107,64,16
6,38,235,205,125
7,38,235,205,125
8,38,235,205,125
9,38,235,205,125
10,38,235,205,125
11,38,235,205,125
12,38,235,205,125
13,38,235,205,125
14,38,235,205,125
15,38,235,205,125
16,38,235,205,125
17,38,235,205,125
18,38,235,205,125
19,38,235,205,125
20,38,235,205,125
21,38,235,205,125
22,38,235,205,125
23,38,235,205,125
24,38,235,205,125
25,38,235,205,125
26,38,235,205,125
27,38,235,205,125
28,38,235,205,125
29,38,235,205,125
30,38,235,205,125
31,38,235,205,125
32,38,235,205,125
33,38,235,205,125
34,38,235,205,125
35,38,235,205,125
36,38,235,205,125
37,38,235,205,125
38,38,235,205,125
39,38,235,205,125
40,38,235,205,125
41,38,235,205,125
42,38,235,205,125
43,38,235,205,125
44,38,235,205,125
45,38,235,205,125
46,38,235,205,125
47,38,235,205,125
48,38,235,205,125
49,38,235,205,125
50,38,235,205,125
51,38,235,205,125
52,38,235,205,125
53,38,235,205,125
54,38,235,205,125
55,38,235,205,125
56,38,235,205,125
57,38,235,205,125
58,38,235,205,125
59,38,235,205,125
60,38,235,205,125
61,38,235,205,125
62,38,235,205,125
63,38,235,205,125
0,39,232,202,122
1,39,232,202,122
2,39,232,202,122
3,39,232,202,122
4,39,232,202,122
5,39,107,64,16
6,39,232,202,122
7,39,232,202,122
8,39,232,202,122
9,39,232,202,122
10,39,232,202,122
11,39,232,202,122
12,39,232,202,122
13,39,232,202,122
14,39,232,202,122
15,39,232,202,122
16,39,232,202,122
17,39,232,202,122
18,39,232,202,122
19,39,232,202,122
20,39,232,202,122
21,39,224,112,48
22,39,232,202,122
23,39,232,202,122
24,39,232,202,122
25,39,232,202,122
26,39,232,202,122
27,39,232,202,122
28,39,232,202,122
29,39,232,202,122
30,39,232,202,122
31,39,232,202,122
32,39,232,202,122
33,39,232,202,122
34,39,232,202,122
35,39,232,202,122
36,39,232,202,122
37,39,232,202,122
38,39,232,202,122
39,39,232,202,122
40,39,232,202,122
41,39,232,202,122
42,39,232,202,122
43,39,232,202,122
44,39,232,202,122
45,39,232,202,122
46,39,232,202,122
47,39,232,202,122
48,39,232,202,122
49,39,232,202,122
50,39,240,224,192
51,39,232,202,122
52,39,232,202,122
53,39,232,202,122
54,39,232,202,122
55,39,232,202,122
56,39,232,202,122
57,39,232,202,122
58,39,232,202,122
59,39,232,202,122
60,39,232,202,122
61,39,232,202,122
62,39,232,202,122
63,39,232,202,122
0,40,229,199,119
1,40,229,199,119
2,40,229,199,119
3,40,229,199,119
4,40,229,199,119
5,40,107,64,16
6,40,229,199,119
7,40,229,199,119
8,40,229,199,119
9,40,229,199,119
10,40,229,199,119
11,40,229,199,119
12,40,229,199,119
13,40,229,199,119
14,40,229,199,119
15,40,229,199,119
16,40,229,199,119
17,40,229,199,119
18,40,229,199,119
19,40,229,199,119
20,40,224,112,48
21,40,229,199,119
22,40,229,199,119
23,40,229,199,119
24,40,229,199,119
25,40,229,199,119
26,40,229,199,119
27,40,229,199,119
28,40,229,199,119
29,40,229,199,119
30,40,229,199,119
31,40,229,199,119
32,40,229,199,119
33,40,229,199,119
34,40,229,199,119
35,40,229,199,119
36,40,229,199,119
37,40,229,199,119
38,40,229,199,119
39,40,229,199,119
40,40,229,199,119
41,40,229,199,119
42,40,229,199,119
43,40,229,199,119
44,40,229,199,119
45,40,229,199,119
46,40,229,199,119
47,40,229,199,119
48,40,229,199,119
49,40,229,199,119
50,40,229,199,119
51,40,229,199,119
52,40,229,199,119
53,40,229,199,119
54,40,229,199,119
55,40,229,199,119
56,40,229,199,119
57,40,229,199,119
58,40,229,199,119
59,40,229,199,119
60,40,229,199,119
61,40,229,199,119
62,40,229,199,119
63,40,229,199,119
0,41,226,196,116
1,41,226,196,116
2,41,226,196,116
3,41,226,196,116
4,41,226,196,116
5,41,107,64,16
6,41,226,196,116
7,41,226,196,116
8,41,226,196,116
9,41,226,196,116
10,41,226,196,116
11,41,226,196,116
12,41,226,196,116
13,41,226,196,116
14,41,226,196,116
15,41,226,196,116
16,41,226,196,116
17,41,226,196,116
18,41,226,196,116
19,41,226,196,116
20,41,226,196,116
21,41,226,196,116
22,41,226,196,116
23,41,226,196,116
24,41,226,196,116
25,41,226,196,116
26,41,226,196,116
27,41,226,196,116
28,41,226,196,116
29,41,226,196,116
30,41,226,196,116
31,41,226,196,116
32,41,226,196,116
33,41,226,196,116
34,41,226,196,116
35,41,226,196,116
36,41,226,196,116
37,41,226,196,116
38,41,226,196,116
39,41,226,196,116
40,41,226,196,116
41,41,226,196,116
42,41,226,196,116
43,41,226,196,116
44,41,226,196,116
45,41,226,196,116
46,41,226,196,116
47,41,226,196,116
48,41,226,196,116
49,41,226,196,116
50,41,226,196,116
51,41,226,196,116
52,41,226,196,116
53,41,226,196,116
54,41,226,196,116
55,41,226,196,116
56,41,226,196,116
57,41,226,196,116
58,41,226,196,116
59,41,226,196,116
60,41,226,196,116
61,41,226,196,116
62,41,226,196,116
63,41,226,196,116
0,42,224,194,114
1,42,224,194,114
2,42,224,194,114
3,42,224,194,114
4,42,224,194,114
5,42,107,64,16
6,42,224,194,114
7,42,224,194,114
8,42,224,194,114
9,42,224,194,114
10,42,224,194,114
11,42,224,194,114
12,42,224,194,114
13,42,224,194,114
14,42,224,194,114
15,42,224,194,114
16,42,224,194,114
17,42,224,194,114
18,42,224,194,114
19,42,224,194,114
20,42,224,194,114
21,42,224,194,114
22,42,224,194,114
23,42,224,194,114
24,42,224,194,114
25,42,224,194,114
26,42,224,194,114
27,42,224,194,114
28,42,224,194,114
29,42,224,194,114
30,42,224,194,114
31,42,224,194,114
32,42,224,194,114
33,42,224,194,114
34,42,224,194,114
35,42,240,224,192
36,42,234,212,160
37,42,224,194,114
38,42,224,194,114
39,42,224,194,114
40,42,224,194,114
41,42,224,194,114
42,42,224,194,114
43,42,224,194,114
44,42,224,194,114
45,42,224,194,114
46,42,224,194,114
47,42,224,194,114
48,42,224,194,114
49,42,224,194,114
50,42,224,194,114
51,42,224,194,114
52,42,224,194,114
53,42,224,194,114
54,42,224,194,114
55,42,224,194,114
56,42,224,194,114
57,42,224,194,114
58,42,224,194,114
59,42,224,194,114
60,42,224,194,114
61,42,224,194,114
62,42,224,194,114
63,42,224,194,114
0,43,221,191,111
1,43,221,191,111
2,43,221,191,111
3,43,221,191,111
4,43,221,191,111
5,43,107,64,16
6,43,221,191,111
7,43,221,191,111
8,43,221,191,111
9,43,221,191,111
10,43,221,191,111
11,43,221,191,111
12,43,221,191,111
13,43,221,191,111
14,43,221,191,111
15,43,221,191,111
16,43,221,191,111
17,43,221,191,111
18,43,221,191,111
19,43,221,191,111
20,43,221,191,111
21,43,221,191,111
22,43,221,191,111
23,43,221,191,111
24,43,221,191,111
25,43,221,191,111
26,43,221,191,111
27,43,221,191,111
28,43,221,191,111
29,43,221,191,111
30,43,221,191,111
31,43,221,191,111
32,43,221,191,111
33,43,221,191,111
34,43,221,191,111
35,43,221,191,111
36,43,221,191,111
37,43,221,191,111
38,43,221,191,111
39,43,221,191,111
40,43,221,191,111
41,43,221,191,111
42,43,221,191,111
43,43,221,191,111
44,43,221,191,111
45,43,221,191,111
46,43,221,191,111
47,43,221,191,111
48,43,221,191,111
49,43,221,191,111
50,43,221,191,111
51,43,221,191,111
52,43,221,191,111
53,43,221,191,111
54,43,221,191,111
55,43,221,191,111
56,43,221,191,111
57,43,221,191,111
58,43,221,191,111
59,43,221,191,111
60,43,221,191,111
61,43,221,191,111
62,43,221,191,111
63,43,221,191,111
0,44,218,188,108
1,44,218,188,108
2,44,218,188,108
3,44,218,188,108
4,44,218,188,108
5,44,107,64,16
6,44,218,188,108
7,44,218,188,108
8,44,218,188,108
9,44,218,188,108
10,44,218,188,108
11,44,218,188,108
12,44,218,188,108
13,44,218,188,108
14,44,218,188,108
15,44,218,188,108
16,44,218,188,108
17,44,218,188,108
18,44,218,188,108
19,44,218,188,108
20,44,218,188,108
21,44,218,188,108
22,44,218,188,108
23,44,218,188,108
24,44,218,188,108
25,44,218,188,108
26,44,218,188,108
27,44,218,188,108
28,44,218,188,108
29,44,218,188,108
30,44,218,188,108
31,44,218,188,108
32,44,218,188,108
33,44,218,188,108
34,44,218,188,108
35,44,218,188,108
36,44,218,188,108
37,44,218,188,108
38,44,218,188,108
39,44,218,188,108
40,44,218,188,108
41,44,218,188,108
42,44,218,188,108
43,44,218,188,108
44,44,218,188,108
45,44,218,188,108
46,44,218,188,108
47,44,218,188,108
48,44,218,188,108
49,44,218,188,108
50,44,218,188,108
51,44,218,188,108
52,44,218,188,108
53,44,218,188,108
54,44,218,188,108
55,44,218,188,108
56,44,218,188,108
57,44,218,188,108
58,44,218,188,108
59,44,218,188,108
60,44,218,188,108
61,44,218,188,108
62,44,218,188,108
63,44,218,188,108
0,45,215,185,105
1,45,215,185,105
2,45,215,185,105
3,45,215,185,105
4,45,215,185,105
5,45,107,64,16
6,45,215,185,105
7,45,215,185,105
8,45,215,185,105
9,45,215,185,105
10,45,215,185,105
11,45,215,185,105
12,45,215,185,105
13,45,215,185,105
14,45,215,185,105
15,45,215,185,105
16,45,215,185,105
17,45,215,185,105
18,45,215,185,105
19,45,215,185,105
20,45,215,185,105
21,45,215,185,105
22,45,215,185,105
23,45,215,185,105
24,45,215,185,105
25,45,215,185,105
26,45,215,185,105
27,45,215,185,105
28,45,215,185,105
29,45,215,185,105
30,45,215,185,105
31,45,215,185,105
32,45,215,185,105
33,45,215,185,105
34,45,215,185,105
35,45,215,185,105
36,45,215,185,105
37,45,215,185,105
38,45,215,185,105
39,45,215,185,105
40,45,215,185,105
41,45,215,185,105
42,45,215,185,105
43,45,215,185,105
44,45,215,185,105
45,45,215,185,105
46,45,215,185,105
47,45,215,185,105
48,45,215,185,105
49,45,215,185,105
50,45,215,185,105
51,45,215,185,105
52,45,215,185,105
53,45,215,185,105
54,45,215,185,105
55,45,215,185,105
56,45,215,185,105
57,45,215,185,105
58,45,215,185,105
59,45,215,185,105
60,45,215,185,105
61,45,215,185,105
62,45,215,185,105
63,45,215,185,105
0,46,213,183,103
1,46,213,183,103
2,46,213,183,103
3,46,213,183,103
4,46,213,183,103
5,46,107,64,16
6,46,213,183,103
7,46,213,183,103
8,46,213,183,103
9,46,213,183,103
10,46,213,183,103
11,46,213,183,103
12,46,213,183,103
13,46,213,183,103
14,46,213,183,103
15,46,213,183,103
16,46,213,183,103
17,46,213,183,103
18,46,213,183,103
19,46,213,183,103
20,46,213,183,103
21,46,213,183,103
22,46,213,183,103
23,46,213,183,103
24,46,213,183,103
25,46,213,183,103
26,46,213,183,103
27,46,213,183,103
28,46,213,183,103
29,46,213,183,103
30,46,213,183,103
31,46,213,183,103
32,46,213,183,103
33,46,213,183,103
34,46,213,183,103
35,46,213,183,103
36,46,213,183,103
37,46,213,183,103
38,46,213,183,103
39,46,213,183,103
40,46,213,183,103
41,46,213,183,103
42,46,213,183,103
43,46,213,183,103
44,46,213,183,103
45,46,213,183,103
46,46,213,183,103
47,46,213,183,103
48,46,213,183,103
49,46,213,183,103
50,46,213,183,103
51,46,213,183,103
52,46,213,183,103
53,46,213,183,103
54,46,213,183,103
55,46,213,183,103
56,46,213,183,103
57,46,213,183,103
58,46,213,183,103
59,46,213,183,103
60,46,213,183,103
61,46,213,183,103
62,46,213,183,103
63,46,213,183,103
0,47,210,180,100
1,47,210,180,100
2,47,210,180,100
3,47,210,180,100
4,47,210,180,100
5,47,107,64,16
6,47,210,180,100
7,47,210,180,100
8,47,210,180,100
9,47,210,180,100
10,47,210,180,100
11,47,210,180,100
12,47,210,180,100
13,47,210,180,100
14,47,210,180,100
15,47,210,180,100
16,47,210,180,100
17,47,210,180,100
18,47,210,180,100
19,47,210,180,100
20,47,210,180,100
21,47,210,180,100
22,47,210,180,100
23,47,210,180,100
24,47,210,180,100
25,47,210,180,100
26,47,210,180,100
27,47,210,180,100
28,47,210,180,100
29,47,210,180,100
30,47,210,180,100
31,47,210,180,100
32,47,210,180,100
33,47,210,180,100
34,47,210,180,100
35,47,210,180,100
36,47,210,180,100
37,47,210,180,100
38,47,210,180,100
39,47,210,180,100
40,47,210,180,100
41,47,210,180,100
42,47,210,180,100
43,47,210,180,100
44,47,210,180,100
45,47,210,180,100
46,47,210,180,100
47,47,210,180,100
48,47,210,180,100
49,47,210,180,100
50,47,210,180,100
51,47,210,180,100
52,47,210,180,100
53,47,210,180,100
54,47,210,180,100
55,47,210,180,100
56,47,210,180,100
57,47,210,180,100
58,47,210,180,100
59,47,210,180,100
60,47,210,180,100
61,47,210,180,100
62,47,210,180,100
63,47,210,180,100