0,0,210,200,190
1,0,209,200,190
2,0,208,199,190
3,0,208,199,190
4,0,207,199,190
5,0,207,199,190
6,0,207,199,190
7,0,207,199,190
8,0,208,199,190
9,0,209,199,190
10,0,210,200,190
11,0,210,200,190
12,0,211,201,190
13,0,212,201,190
14,0,213,201,190
15,0,213,201,190
16,0,213,201,190
17,0,213,201,190
18,0,212,201,190
19,0,212,201,190
20,0,211,200,190
21,0,210,200,190
22,0,209,200,190
23,0,208,199,190
24,0,208,199,190
25,0,207,199,190
26,0,207,199,190
27,0,207,199,190
28,0,207,199,190
29,0,208,199,190
30,0,209,199,190
31,0,210,200,190
32,0,211,200,190
33,0,211,201,190
34,0,212,201,190
35,0,213,201,190
36,0,213,201,190
37,0,213,201,190
38,0,213,201,190
39,0,212,201,190
40,0,212,201,190
41,0,211,200,190
42,0,210,200,190
43,0,209,200,190
44,0,208,199,190
45,0,208,199,190
46,0,207,199,190
47,0,207,199,190
48,0,207,199,190
49,0,207,199,190
50,0,208,199,190
51,0,209,199,190
52,0,210,200,190
53,0,211,200,190
54,0,211,201,190
55,0,212,201,190
56,0,213,201,190
57,0,213,201,190
58,0,213,201,190
59,0,213,201,190
60,0,212,201,190
61,0,212,201,190
62,0,211,200,190
63,0,210,200,190
0,1,209,199,190
1,1,208,199,190
2,1,207,199,190
3,1,207,198,191
4,1,206,198,191
5,1,206,198,191
6,1,207,198,191
7,1,207,199,190
8,1,208,199,190
9,1,209,199,190
10,1,210,200,190
11,1,210,200,190
12,1,211,201,190
13,1,212,201,190
14,1,212,201,190
15,1,212,201,190
16,1,212,201,190
17,1,212,201,190
18,1,211,201,190
19,1,230,150,170
20,1,220,130,160
21,1,209,199,190
22,1,208,199,190
23,1,207,199,190
24,1,207,198,191
25,1,206,198,191
26,1,206,198,191
27,1,207,198,191
28,1,207,199,190
29,1,208,199,190
30,1,209,199,190
31,1,210,200,190
32,1,210,200,190
33,1,211,201,190
34,1,212,201,190
35,1,212,201,190
36,1,212,201,190
37,1,212,201,190
38,1,212,201,190
39,1,211,201,190
40,1,210,200,190
41,1,210,200,190
42,1,209,199,190
43,1,208,199,190
44,1,207,199,190
45,1,207,198,191
46,1,206,198,191
47,1,206,198,191
48,1,207,198,191
49,1,207,199,190
50,1,208,199,190
51,1,209,199,190
52,1,210,200,190
53,1,211,200,190
54,1,211,201,190
55,1,212,201,190
56,1,212,201,190
57,1,212,201,190
58,1,212,201,190
59,1,212,201,190
60,1,211,201,190
61,1,210,200,190
62,1,210,200,190
63,1,209,199,190
0,2,208,199,190
1,2,207,198,191
2,2,206,198,191
3,2,206,198,191
4,2,206,198,191
5,2,206,198,191
6,2,206,198,191
7,2,207,198,191
8,2,208,199,190
9,2,209,199,190
10,2,210,200,190
11,2,210,200,190
12,2,211,201,190
13,2,211,201,190
14,2,212,201,190
15,2,212,201,190
16,2,211,201,190
17,2,211,200,190
18,2,210,200,190
19,2,209,200,190
20,2,208,199,190
21,2,208,199,190
22,2,207,198,191
23,2,206,198,191
24,2,206,198,191
25,2,206,198,191
26,2,206,198,191
27,2,206,198,191
28,2,207,198,191
29,2,208,199,190
30,2,209,199,190
31,2,210,200,190
32,2,210,200,190
33,2,211,201,190
34,2,212,201,190
35,2,212,201,190
36,2,212,201,190
37,2,211,201,190
38,2,211,200,190
39,2,210,200,190
40,2,209,200,190
41,2,208,199,190
42,2,207,199,190
43,2,207,198,191
44,2,206,198,191
45,2,206,198,191
46,2,206,198,191
47,2,206,198,191
48,2,248,229,213
49,2,207,199,190
50,2,208,199,190
51,2,209,199,190
52,2,210,200,190
53,2,210,200,190
54,2,211,201,190
55,2,212,201,190
56,2,212,201,190
57,2,212,201,190
58,2,211,201,190
59,2,211,200,190
60,2,210,200,190
61,2,209,200,190
62,2,208,199,190
63,2,207,199,190
0,3,206,198,191
1,3,206,198,191
2,3,205,198,191
3,3,205,198,191
4,3,205,198,191
5,3,206,198,191
6,3,206,198,191
7,3,207,198,191
8,3,208,199,190
9,3,209,199,190
10,3,209,200,190
11,3,210,200,190
12,3,211,200,190
13,3,211,201,190
14,3,211,201,190
15,3,211,200,190
16,3,210,200,190
17,3,210,200,190
18,3,209,199,190
19,3,208,199,190
20,3,207,199,190
21,3,206,198,191
22,3,206,198,191
23,3,205,198,191
24,3,205,198,191
25,3,205,198,191
26,3,206,198,191
27,3,206,198,191
28,3,207,198,191
29,3,208,199,190
30,3,209,199,190
31,3,209,200,190
32,3,210,200,190
33,3,211,200,190
34,3,211,201,190
35,3,211,201,190
36,3,211,200,190
37,3,210,200,190
38,3,210,200,190
39,3,209,199,190
40,3,208,199,190
41,3,207,199,190
42,3,206,198,191
43,3,206,198,191
44,3,248,229.5,213
45,3,248.5,230,213
46,3,249.5,230.5,213
47,3,250,231,213
48,3,250.5,231,213.5
49,3,250.5,231,213
50,3,251,231,212.5
51,3,250.5,230.5,212.5
52,3,250.5,230.5,212.5
53,3,210,200,190
54,3,211,200,190
55,3,211,201,190
56,3,211,201,190
57,3,211,200,190
58,3,210,200,190
59,3,210,200,190
60,3,209,199,190
61,3,208,199,190
62,3,207,199,190
63,3,206,198,191
0,4,205,198,191
1,4,205,197,191
2,4,205,197,191
3,4,205,197,191
4,4,205,197,191
5,4,205,198,191
6,4,206,198,191
7,4,207,198,191
8,4,208,199,190
9,4,209,199,190
10,4,209,200,190
11,4,210,200,190
12,4,210,200,190
13,4,210,200,190
14,4,210,200,190
15,4,210,200,190
16,4,209,200,190
17,4,209,199,190
18,4,208,199,190
19,4,207,198,191
20,4,206,198,191
21,4,205,198,191
22,4,205,197,191
23,4,205,197,191
24,4,205,197,191
25,4,205,197,191
26,4,205,198,191
27,4,206,198,191
28,4,207,198,191
29,4,208,199,190
30,4,209,199,190
31,4,209,200,190
32,4,210,200,190
33,4,210,200,190
34,4,210,200,190
35,4,210,200,190
36,4,210,200,190
37,4,209,200,190
38,4,209,199,190
39,4,208,199,190
40,4,207,198,191
41,4,206,198,191
42,4,247.5,229,213
43,4,249,229.5,213
44,4,250,230.5,213.5
45,4,251,231.5,213.5
46,4,251.5,232,213.5
47,4,252,233,213.5
48,4,252.5,233,213.5
49,4,253,233,213.5
50,4,253,233,213
51,4,253,232.5,213
52,4,252,232,213
53,4,251.5,231,212.5
54,4,250,230,212.5
55,4,210,200,190
56,4,210,200,190
57,4,210,200,190
58,4,209,200,190
59,4,209,199,190
60,4,208,199,190
61,4,207,198,191
62,4,206,198,191
63,4,205,198,191
0,5,204,197,191
1,5,204,197,191
2,5,204,197,191
3,5,204,197,191
4,5,204,197,191
5,5,205,198,191
6,5,206,198,191
7,5,207,198,191
8,5,208,199,190
9,5,208,199,190
10,5,209,200,190
11,5,210,200,190
12,5,210,200,190
13,5,210,200,190
14,5,210,200,190
15,5,209,199,190
16,5,208,199,190
17,5,207,199,190
18,5,207,198,191
19,5,206,198,191
20,5,205,197,191
21,5,204,197,191
22,5,204,197,191
23,5,204,197,191
24,5,204,197,191
25,5,204,197,191
26,5,205,198,191
27,5,206,198,191
28,5,207,198,191
29,5,208,199,190
30,5,209,199,190
31,5,209,200,190
32,5,210,200,190
33,5,210,200,190
34,5,210,200,190
35,5,210,200,190
36,5,209,199,190
37,5,208,199,190
38,5,207,199,190
39,5,206,198,191
40,5,206,198,191
41,5,247.5,228.5,213
42,5,249,230,213
43,5,250,231.5,213.5
44,5,251.5,232.5,213.5
45,5,252.5,233.5,213.5
46,5,253.5,234,213.5
47,5,254,235,213.5
48,5,255,235,214
49,5,255,235,213.5
50,5,255,235,213
51,5,255,234.5,213
52,5,254,234,213
53,5,253,233,213
54,5,252,231.5,212.5
55,5,250,230,212.5
56,5,209,200,190
57,5,209,199,190
58,5,208,199,190
59,5,207,199,190
60,5,230,150,170
61,5,220,130,160
62,5,205,197,191
63,5,204,197,191
0,6,203,197,191
1,6,203,197,191
2,6,203,197,191
3,6,204,197,191
4,6,204,197,191
5,6,205,197,191
6,6,206,198,191
7,6,207,198,191
8,6,208,199,190
9,6,208,199,190
10,6,209,199,190
11,6,209,200,190
12,6,209,200,190
13,6,209,200,190
14,6,209,199,190
15,6,208,199,190
16,6,207,199,190
17,6,206,198,191
18,6,205,198,191
19,6,205,197,191
20,6,204,197,191
21,6,203,197,191
22,6,203,197,191
23,6,203,197,191
24,6,204,197,191
25,6,230,150,170
26,6,220,130,160
27,6,206,198,191
28,6,207,198,191
29,6,208,199,190
30,6,208,199,190
31,6,209,199,190
32,6,209,200,190
33,6,209,200,190
34,6,209,200,190
35,6,209,199,190
36,6,208,199,190
37,6,207,199,190
38,6,206,198,191
39,6,205,198,191
40,6,247,228.5,213
41,6,249,230,213
42,6,250,231.5,213.5
43,6,251.5,233,213.5
44,6,253,234,213.5
45,6,254.5,235,214
46,6,255,236,214
47,6,255,237,214
48,6,255,237,214
49,6,255,237,214
50,6,255,237,213.5
51,6,255,236,213.5
52,6,255,235,213
53,6,254.5,234.5,213
54,6,253,233,213
55,6,251.5,231,212.5
56,6,249.5,229.5,212.5
57,6,208,199,190
58,6,207,198,191
59,6,206,198,191
60,6,205,198,191
61,6,204,197,191
62,6,204,197,191
63,6,203,197,191
0,7,203,196,191
1,7,203,196,191
2,7,203,196,191
3,7,203,197,191
4,7,204,197,191
5,7,205,197,191
6,7,206,198,191
7,7,207,198,191
8,7,207,199,190
9,7,208,199,190
10,7,208,199,190
11,7,209,199,190
12,7,209,199,190
13,7,208,199,190
14,7,208,199,190
15,7,207,198,191
16,7,206,198,191
17,7,205,197,191
18,7,204,197,191
19,7,203,197,191
20,7,203,196,191
21,7,203,196,191
22,7,203,196,191
23,7,203,196,191
24,7,203,197,191
25,7,204,197,191
26,7,205,197,191
27,7,206,198,191
28,7,207,198,191
29,7,208,199,190
30,7,208,199,190
31,7,208,199,190
32,7,209,199,190
33,7,208,199,190
34,7,208,199,190
35,7,207,199,190
36,7,207,198,191
37,7,206,198,191
38,7,205,197,191
39,7,204,197,191
40,7,248,229.5,213
41,7,249.5,231,213.5
42,7,251.5,232.5,213.5
43,7,253,234,213.5
44,7,254.5,235,214
45,7,255,237,214
46,7,255,237.5,214
47,7,255,239,214
48,7,255,239,214.5
49,7,255,239,214
50,7,255,238.5,213.5
51,7,255,238,213.5
52,7,255,236.5,213.5
53,7,255,235.5,213
54,7,254,234,213
55,7,252,232.5,213
56,7,250,230.5,212.5
57,7,207,198,191
58,7,206,198,191
59,7,205,197,191
60,7,204,197,191
61,7,203,197,191
62,7,203,196,191
63,7,203,196,191
0,8,230,150,170
1,8,220,130,160
2,8,203,196,191
3,8,203,197,191
4,8,204,197,191
5,8,205,197,191
6,8,206,198,191
7,8,207,198,191
8,8,207,199,190
9,8,208,199,190
10,8,208,199,190
11,8,208,199,190
12,8,208,199,190
13,8,207,199,190
14,8,206,198,191
15,8,206,198,191
16,8,205,197,191
17,8,204,197,191
18,8,203,197,191
19,8,202,196,191
20,8,202,196,191
21,8,202,196,191
22,8,202,196,191
23,8,203,196,191
24,8,203,197,191
25,8,204,197,191
26,8,205,197,191
27,8,206,198,191
28,8,207,198,191
29,8,207,199,190
30,8,208,199,190
31,8,208,199,190
32,8,208,199,190
33,8,208,199,190
34,8,207,199,190
35,8,230,150,170
36,8,220,130,160
37,8,205,197,191
38,8,204,197,191
39,8,247,228.5,213
40,8,248.5,230,213.5
41,8,250.5,232,213.5
42,8,252.5,233.5,213.5
43,8,254,235,214
44,8,255,236.5,214
45,8,255,238.5,214.5
46,8,255,239.5,214.5
47,8,255,240.5,214.5
48,8,255,241,214.5
49,8,255,241,214.5
50,8,255,240.5,214
51,8,255,239.5,214
52,8,255,238,213.5
53,8,255,236.5,213.5
54,8,255,235,213
55,8,253,233.5,213
56,8,250.5,231,213.5
57,8,248,229.5,213
58,8,205,197,191
59,8,204,197,191
60,8,203,196,191
61,8,202,196,191
62,8,202,196,191
63,8,202,196,191
0,9,201,196,191
1,9,202,196,191
2,9,202,196,191
3,9,203,197,191
4,9,204,197,191
5,9,205,197,191
6,9,206,198,191
7,9,206,198,191
8,9,207,198,191
9,9,207,199,190
10,9,207,199,190
11,9,207,199,190
12,9,207,198,191
13,9,206,198,191
14,9,205,198,191
15,9,204,197,191
16,9,203,197,191
17,9,203,196,191
18,9,202,196,191
19,9,202,196,191
20,9,201,196,191
21,9,201,196,191
22,9,202,196,191
23,9,202,196,191
24,9,203,197,191
25,9,204,197,191
26,9,205,197,191
27,9,206,198,191
28,9,206,198,191
29,9,207,199,190
30,9,207,199,190
31,9,207,199,190
32,9,207,199,190
33,9,207,198,191
34,9,206,198,191
35,9,205,198,191
36,9,204,197,191
37,9,203,197,191
38,9,203,196,191
39,9,247,229,213
40,9,249.5,231,213.5
41,9,251,233,213.5
42,9,253,234.5,214
43,9,255,236.5,214
44,9,255,238,214.5
45,9,255,240,214.5
46,9,255,241.5,214.5
47,9,255,242,214.5
48,9,255,243,215
49,9,255,242.5,214.5
50,9,255,242.5,214
51,9,255,241,214
52,9,255,239.5,214
53,9,255,238,213.5
54,9,255,235.5,214
55,9,253.5,234,213.5
56,9,251,232,213.5
57,9,248,229.5,213
58,9,203,197,191
59,9,203,196,191
60,9,202,196,191
61,9,202,196,191
62,9,201,196,191
63,9,201,196,191
0,10,201,196,191
1,10,202,196,191
2,10,202,196,191
3,10,203,197,191
4,10,204,197,191
5,10,205,197,191
6,10,206,198,191
7,10,206,198,191
8,10,207,198,191
9,10,207,198,191
10,10,207,198,191
11,10,206,198,191
12,10,206,198,191
13,10,205,197,191
14,10,204,197,191
15,10,203,197,191
16,10,202,196,191
17,10,202,196,191
18,10,201,196,191
19,10,201,195,192
20,10,201,195,192
21,10,201,196,191
22,10,202,196,191
23,10,202,196,191
24,10,203,197,191
25,10,204,197,191
26,10,205,197,191
27,10,206,198,191
28,10,206,198,191
29,10,207,198,191
30,10,207,198,191
31,10,207,198,191
32,10,206,198,191
33,10,206,198,191
34,10,205,197,191
35,10,204,197,191
36,10,203,197,191
37,10,202,196,191
38,10,202,196,191
39,10,247.5,229.5,213
40,10,249.5,231,214
41,10,251.5,233,214
42,10,254,235.5,214
43,10,255,237,214
44,10,255,239,214.5
45,10,255,241.5,214.5
46,10,255,243,215
47,10,255,244,215
48,10,255,245,215
49,10,255,244.5,215
50,10,255,243.5,215
51,10,255,242,214.5
52,10,255,240,214.5
53,10,255,238,214
54,10,255,236.5,214
55,10,253.5,234,213.5
56,10,251,232,213.5
57,10,248.5,230,213
58,10,202,196,191
59,10,201,196,191
60,10,201,196,191
61,10,201,195,192
62,10,201,195,192
63,10,201,196,191
0,11,201,195,192
1,11,201,196,191
2,11,202,196,191
3,11,203,197,191
4,11,204,197,191
5,11,205,197,191
6,11,205,198,191
7,11,206,198,191
8,11,206,198,191
9,11,206,198,191
10,11,206,198,191
11,11,205,198,191
12,11,205,197,191
13,11,204,197,191
14,11,203,196,191
15,11,202,196,191
16,11,201,196,191
17,11,201,195,192
18,11,200,195,192
19,11,200,195,192
20,11,200,195,192
21,11,201,195,192
22,11,201,196,191
23,11,202,196,191
24,11,203,197,191
25,11,204,197,191
26,11,205,197,191
27,11,205,198,191
28,11,206,198,191
29,11,206,198,191
30,11,206,198,191
31,11,206,198,191
32,11,205,198,191
33,11,204,197,191
34,11,204,197,191
35,11,203,196,191
36,11,202,196,191
37,11,201,196,191
38,11,201,195,192
39,11,247,229.5,213.5
40,11,249.5,231.5,214
41,11,251.5,233.5,214
42,11,254.5,235.5,214.5
43,11,255,238,214
44,11,255,240,214.5
45,11,255,242,214.5
46,11,255,244,215
47,11,255,245.5,215
48,11,255,247,215.5
49,11,255,246,215
50,11,255,244.5,215
51,11,255,242.5,214.5
52,11,255,241,214.5
53,11,255,239,214
54,11,255,236.5,214
55,11,253.5,234.5,213.5
56,11,251,232,213.5
57,11,248,230,213
58,11,201,196,191
59,11,201,195,192
60,11,200,195,192
61,11,200,195,192
62,11,200,195,192
63,11,201,195,192
0,12,200,195,192
1,12,201,196,191
2,12,202,196,191
3,12,203,196,191
4,12,204,197,191
5,12,205,197,191
6,12,205,198,191
7,12,205,198,191
8,12,205,198,191
9,12,205,198,191
10,12,205,197,191
11,12,204,197,191
12,12,180,101,121
13,12,181,101,122
14,12,180,105,123
15,12,183,102,120
16,12,182,105,121
17,12,182,103,122
18,12,181,102,121
19,12,200,195,192
20,12,200,195,192
21,12,201,195,192
22,12,201,196,191
23,12,202,196,191
24,12,203,197,191
25,12,204,197,191
26,12,205,197,191
27,12,205,198,191
28,12,205,198,191
29,12,205,198,191
30,12,205,198,191
31,12,205,197,191
32,12,204,197,191
33,12,203,197,191
34,12,202,196,191
35,12,202,196,191
36,12,201,195,192
37,12,230,150,170
38,12,220,130,160
39,12,247.5,229.5,214
40,12,249.5,231.5,214
41,12,252,233.5,214.5
42,12,254.5,235.5,214.5
43,12,255,238,214.5
44,12,255,240,214.5
45,12,255,242.5,215
46,12,255,244.5,215
47,12,255,246.5,215.5
48,12,255,249,215.5
49,12,255,247,215.5
50,12,255,245,215
51,12,255,243,215
52,12,255,240.5,214.5
53,12,255,238.5,214.5
54,12,255,236.5,214
55,12,253,234,214
56,12,250,232,213.5
57,12,248,229.5,214
58,12,245,227.5,213.5
59,12,200,195,192
60,12,200,195,192
61,12,200,195,192
62,12,200,195,192
63,12,201,195,192
0,13,200,195,192
1,13,201,196,191
2,13,202,196,191
3,13,203,196,191
4,13,204,197,191
5,13,204,197,191
6,13,205,197,191
7,13,205,197,191
8,13,205,197,191
9,13,204,197,191
10,13,204,197,191
11,13,182,101,122
12,13,185,106,122
13,13,182,103,122
14,13,180,101,128
15,13,185,109,128
16,13,185,101,122
17,13,182,107,122
18,13,184,103,122
19,13,181,103,122
20,13,200,195,192
21,13,200,195,192
22,13,201,196,191
23,13,202,196,191
24,13,203,196,191
25,13,204,197,191
26,13,204,197,191
27,13,205,197,191
28,13,205,197,191
29,13,205,197,191
30,13,204,197,191
31,13,40,40,40
32,13,203,196,191
33,13,202,196,191
34,13,201,196,191
35,13,200,195,192
36,13,200,195,192
37,13,199,195,192
38,13,199,194,192
39,13,246.5,229,213.5
40,13,249,231.5,214
41,13,251.5,233.5,214
42,13,254,235.5,214.5
43,13,255,238,214
44,13,255,240,214.5
45,13,255,242,214.5
46,13,255,244,215
47,13,255,245.5,215
48,13,255,246.5,215.5
49,13,255,245.5,215
50,13,255,244,215
51,13,255,242,214.5
52,13,255,240.5,214.5
53,13,255,238,214
54,13,255,236,214
55,13,252,234,213.5
56,13,249.5,231.5,214
57,13,181,101,121
58,13,180,102,121
59,13,183,104,121
60,13,183,103,123
61,13,181,103,123
62,13,182,101,121
63,13,181,101,120
0,14,200,195,192
1,14,201,196,191
2,14,180,101,120
3,14,180,103,121
4,14,182,102,122
5,14,181,101,123
6,14,181,102,122
7,14,182,101,120
8,14,180,101,121
9,14,203,197,191
10,14,181,102,121
11,14,182,104,122
12,14,183,106,124
13,14,182,103,128
14,14,181,108,127
15,14,182,114,122
16,14,189,109,123
17,14,184,106,124
18,14,187,101,122
19,14,183,107,123
20,14,182,103,122
21,14,200,195,192
22,14,201,196,191
23,14,202,196,191
24,14,203,196,191
25,14,204,197,191
26,14,204,197,191
27,14,204,197,191
28,14,204,197,191
29,14,204,197,191
30,14,40,40,40
31,14,40,40,40
32,14,40,40,40
33,14,40,40,40
34,14,200,195,192
35,14,199,195,192
36,14,199,194,192
37,14,198,194,192
38,14,198,194,192
39,14,246,228.5,213.5
40,14,248.5,230.5,214
41,14,251,233,214
42,14,253.5,235,214.5
43,14,255,237,214
44,14,255,239,214.5
45,14,255,241,214.5
46,14,255,243,215
47,14,255,244,215
48,14,255,244.5,215
49,14,255,244,215
50,14,255,243,215
51,14,255,241.5,214.5
52,14,255,239,214.5
53,14,255,237,214
54,14,254,235,214.5
55,14,251,233,214
56,14,181,103,120
57,14,184,105,122
58,14,186,107,122
59,14,187,108,125
60,14,182,100,121
61,14,180,102,128
62,14,183,106,122
63,14,220,230,240
0,15,200,195,192
1,15,181,102,121
2,15,182,105,120
3,15,181,105,125
4,15,180,104,127
5,15,184,101,125
6,15,188,103,127
7,15,180,107,126
8,15,185,102,121
9,15,181,101,121
10,15,184,101,123
11,15,188,102,122
12,15,190,102,124
13,15,189,116,131
14,15,186,117,133
15,15,192,104,124
16,15,181,115,130
17,15,192,107,129
18,15,184,103,128
19,15,182,103,126
20,15,185,106,120
21,15,181,101,121
22,15,201,196,191
23,15,230,150,170
24,15,220,130,160
25,15,203,197,191
26,15,204,197,191
27,15,204,197,191
28,15,203,197,191
29,15,40,40,40
30,15,40,40,40
31,15,40,40,40
32,15,40,40,40
33,15,40,40,40
34,15,40,40,40
35,15,198,194,192
36,15,198,194,192
37,15,198,194,192
38,15,198,194,192
39,15,245,228,213.5
40,15,248,230,214
41,15,250,232.5,214
42,15,252.5,234,214.5
43,15,255,236.5,214
44,15,255,238,214.5
45,15,255,239.5,214.5
46,15,255,241.5,214.5
47,15,255,242,214.5
48,15,255,242.5,215
49,15,255,242,214.5
50,15,255,241,214.5
51,15,255,239.5,214.5
52,15,255,238,214.5
53,15,254.5,236,214.5
54,15,252.5,234,214.5
55,15,182,101,121
56,15,185,100,124
57,15,183,103,126
58,15,190,101,129
59,15,185,116,121
60,15,185,105,121
61,15,184,104,129
62,15,220,230,240
63,15,180,190,200
0,16,183,103,121
1,16,181,105,120
2,16,188,110,123
3,16,189,100,127
4,16,192,109,128
5,16,187,115,126
6,16,191,116,125
7,16,189,107,122
8,16,180,101,127
9,16,182,101,121
10,16,181,104,126
11,16,189,105,125
12,16,190,116,133
13,16,184,121,121
14,16,191,120,128
15,16,181,126,127
16,16,194,101,132
17,16,188,118,127
18,16,193,113,130
19,16,189,103,127
20,16,181,102,127
21,16,182,103,123
22,16,201,196,191
23,16,202,196,191
24,16,202,196,191
25,16,203,196,191
26,16,203,196,191
27,16,40,40,40
28,16,40,40,40
29,16,40,40,40
30,16,40,40,40
31,16,40,40,40
32,16,40,40,40
33,16,40,40,40
34,16,40,40,40
35,16,40,40,40
36,16,40,40,40
37,16,197,194,192
38,16,197,194,192
39,16,244.5,227.5,213.5
40,16,247,229,214
41,16,249,231.5,214
42,16,251.5,233,214
43,16,253.5,235,214
44,16,255,236.5,214
45,16,255,238,214.5
46,16,255,239,214.5
47,16,255,240,214.5
48,16,255,240,214.5
49,16,255,240,214.5
50,16,255,239,214.5
51,16,255,238,214.5
52,16,181,101,120
53,16,183,103,121
54,16,180,101,121
55,16,181,102,122
56,16,188,105,128
57,16,186,107,130
58,16,230,150,170
59,16,220,130,160
60,16,183,108,127
61,16,220,230,240
62,16,188,101,128
63,16,191,110,122
0,17,183,106,120
1,17,188,111,127
2,17,187,106,130
3,17,189,110,124
4,17,189,106,136
5,17,190,121,123
6,17,183,121,131
7,17,184,116,125
8,17,190,108,126
9,17,182,102,123
10,17,184,107,126
11,17,183,107,123
12,17,196,115,133
13,17,189,124,137
14,17,184,107,133
15,17,200,106,132
16,17,198,128,129
17,17,196,109,126
18,17,188,101,130
19,17,187,115,129
20,17,184,109,125
21,17,181,103,122
22,17,201,196,191
23,17,202,196,191
24,17,202,196,191
25,17,202,196,191
26,17,40,40,40
27,17,40,40,40
28,17,40,40,40
29,17,40,40,40
30,17,40,40,40
31,17,40,40,40
32,17,40,40,40
33,17,40,40,40
34,17,40,40,40
35,17,40,40,40
36,17,40,40,40
37,17,40,40,40
38,17,197,194,192
39,17,198,194,192
40,17,245.5,228,213.5
41,17,247.5,230.5,214
42,17,250,232,214
43,17,252,234,213.5
44,17,254,235,214
45,17,255,236.5,214
46,17,255,237,214
47,17,255,238,214
48,17,255,238,214.5
49,17,255,238,214
50,17,255,236.5,214.5
51,17,182,101,121
52,17,182,103,123
53,17,184,101,121
54,17,180,102,122
55,17,182,103,125
56,17,188,101,120
57,17,193,107,134
58,17,185,110,121
59,17,184,108,133
60,17,220,230,240
61,17,182,117,121
62,17,186,100,134
63,17,184,115,121
0,18,184,103,126
1,18,183,109,131
2,18,187,115,123
3,18,192,112,124
4,18,185,114,133
5,18,190,109,131
6,18,190,103,133
7,18,195,112,130
8,18,180,100,120
9,18,181,101,123
10,18,188,111,123
11,18,190,107,120
12,18,192,110,133
13,18,185,102,135
14,18,186,106,131
15,18,201,117,123
16,18,198,109,123
17,18,188,123,136
18,18,189,103,128
19,18,182,108,131
20,18,182,107,123
21,18,184,105,122
22,18,180,100,120
23,18,201,196,191
24,18,202,196,191
25,18,202,196,191
26,18,202,196,191
27,18,40,40,40
28,18,40,40,40
29,18,40,40,40
30,18,40,40,40
31,18,40,40,40
32,18,40,40,40
33,18,40,40,40
34,18,40,40,40
35,18,196,193,192
36,18,196,193,192
37,18,196,193,192
38,18,197,193,192
39,18,198,194,192
40,18,244,227,213.5
41,18,246.5,229,213.5
42,18,248.5,230.5,214
43,18,250.5,232,214
44,18,252,233.5,213.5
45,18,253.5,234.5,214
46,18,254.5,235.5,214
47,18,254.5,236,214
48,18,254.5,236,214
49,18,254,235.5,214.5
50,18,181,102,122
51,18,185,102,123
52,18,181,101,125
53,18,189,103,122
54,18,184,102,120
55,18,183,109,121
56,18,187,111,120
57,18,180,119,133
58,18,184,114,127
59,18,220,230,240
60,18,180,190,200
61,18,201,125,133
62,18,184,102,133
63,18,187,115,134
0,19,182,103,123
1,19,191,111,127
2,19,187,111,127
3,19,195,100,136
4,19,199,101,139
5,19,193,121,120
6,19,200,131,142
7,19,185,105,128
8,19,188,122,132
9,19,182,101,120
10,19,185,110,126
11,19,185,113,129
12,19,185,100,134
13,19,194,109,121
14,19,181,123,128
15,19,191,110,132
16,19,200,121,133
17,19,181,109,132
18,19,192,112,126
19,19,189,103,123
20,19,181,106,126
21,19,181,103,123
22,19,201,195,192
23,19,201,195,192
24,19,201,196,191
25,19,201,195,192
26,19,201,195,192
27,19,40,40,40
28,19,40,40,40
29,19,40,40,40
30,19,40,40,40
31,19,40,40,40
32,19,40,40,40
33,19,40,40,40
34,19,40,40,40
35,19,195,193,192
36,19,195,193,192
37,19,196,193,192
38,19,197,193,192
39,19,198,194,192
40,19,198,194,192
41,19,244.5,227.5,213.5
42,19,247,229,213.5
43,19,248.5,230.5,214
44,19,250,232,213.5
45,19,251,233,213.5
46,19,251.5,233,214
47,19,252,233.5,214
48,19,252,233.5,214.5
49,19,180,101,120
50,19,184,101,121
51,19,181,107,126
52,19,181,114,126
53,19,180,100,120
54,19,184,105,124
55,19,182,105,125
56,19,188,107,121
57,19,194,119,132
58,19,220,230,240
59,19,189,113,123
60,19,190,137,132
61,19,189,120,145
62,19,199,104,126
63,19,183,121,127
0,20,183,102,128
1,20,188,102,127
2,20,186,115,134
3,20,181,116,139
4,20,201,126,124
5,20,186,130,143
6,20,182,125,142
7,20,188,110,131
8,20,183,102,129
9,20,181,101,122
10,20,183,103,122
11,20,189,113,120
12,20,190,102,131
13,20,195,108,131
14,20,191,116,133
15,20,183,114,121
16,20,196,115,132
17,20,196,118,123
18,20,181,106,120
19,20,185,101,125
20,20,184,103,124
21,20,182,103,121
22,20,200,195,192
23,20,200,195,192
24,20,200,195,192
25,20,200,195,192
26,20,200,195,192
27,20,40,40,40
28,20,60,60,60
29,20,60,60,60
30,20,60,60,60
31,20,60,60,60
32,20,60,60,60
33,20,60,60,60
34,20,40,40,40
35,20,195,192,193
36,20,195,193,192
37,20,196,193,192
38,20,197,193,192
39,20,197,194,192
40,20,198,194,192
41,20,199,195,192
42,20,245,227.5,213.5
43,20,246.5,228.5,213.5
44,20,247.5,229.5,214
45,20,248.5,230.5,214
46,20,249,231,214
47,20,249.5,231.5,214
48,20,249,231,214
49,20,181,103,122
50,20,181,107,121
51,20,187,112,122
52,20,186,106,128
53,20,186,106,120
54,20,184,101,122
55,20,181,108,123
56,20,187,106,129
57,20,220,230,240
58,20,191,115,138
59,20,181,130,133
60,20,192,127,135
61,20,197,125,143
62,20,200,114,131
63,20,184,109,130
0,21,188,107,128
1,21,190,100,120
2,21,188,100,128
3,21,192,114,130
4,21,186,106,139
5,21,230,150,170
6,21,220,130,160
7,21,187,124,126
8,21,188,109,125
9,21,181,100,121
10,21,184,102,122
11,21,186,107,125
12,21,184,105,123
13,21,184,114,127
14,21,187,101,134
15,21,193,117,131
16,21,191,103,123
17,21,190,113,128
18,21,182,106,128
19,21,188,110,121
20,21,185,103,124
21,21,180,101,121
22,21,200,195,192
23,21,200,195,192
24,21,200,195,192
25,21,199,195,192
26,21,198,194,192
27,21,40,40,40
28,21,60,60,60
29,21,0,0,0
30,21,60,60,60
31,21,60,60,60
32,21,0,0,0
33,21,60,60,60
34,21,40,40,40
35,21,194,192,193
36,21,195,192,193
37,21,196,193,192
38,21,197,193,192
39,21,197,194,192
40,21,198,194,192
41,21,199,195,192
42,21,200,195,192
43,21,200,195,192
44,21,245.5,228,213.5
45,21,246,228.5,213.5
46,21,246.5,229,213.5
47,21,246,229,213.5
48,21,246.5,229,214
49,21,183,103,121
50,21,182,111,123
51,21,188,108,123
52,21,187,113,127
53,21,188,102,132
54,21,183,101,120
55,21,181,108,126
56,21,230,150,170
57,21,220,130,160
58,21,186,106,120
59,21,183,126,134
60,21,184,121,127
61,21,200,113,134
62,21,193,108,125
63,21,187,101,131
0,22,180,105,123
1,22,187,114,121
2,22,191,117,132
3,22,190,103,127
4,22,200,118,135
5,22,194,108,128
6,22,200,117,132
7,22,189,112,132
8,22,184,108,131
9,22,181,107,127
10,22,182,102,120
11,22,183,103,122
12,22,188,109,123
13,22,187,105,123
14,22,188,112,121
15,22,182,116,129
16,22,190,113,128
17,22,190,114,128
18,22,185,101,124
19,22,181,107,124
20,22,181,103,122
21,22,199,195,192
22,22,199,195,192
23,22,199,195,192
24,22,199,194,192
25,22,198,194,192
26,22,220,180,140
27,22,40,40,40
28,22,60,60,60
29,22,60,60,60
30,22,60,60,60
31,22,60,60,60
32,22,60,60,60
33,22,60,60,60
34,22,40,40,40
35,22,194,192,193
36,22,195,192,193
37,22,196,193,192
38,22,197,193,192
39,22,197,194,192
40,22,198,194,192
41,22,199,194,192
42,22,199,195,192
43,22,199,195,192
44,22,199,195,192
45,22,199,194,192
46,22,198,194,192
47,22,197,194,192
48,22,180,100,120
49,22,184,103,124
50,22,183,104,127
51,22,189,104,131
52,22,188,109,128
53,22,196,111,136
54,22,181,101,120
55,22,220,230,240
56,22,189,109,121
57,22,183,105,124
58,22,187,103,125
59,22,191,111,122
60,22,182,106,123
61,22,184,102,136
62,22,184,115,133
63,22,191,115,121
0,23,182,105,122
1,23,184,108,126
2,23,190,101,124
3,23,193,105,124
4,23,181,119,121
5,23,194,109,128
6,23,191,100,135
7,23,186,101,125
8,23,186,101,128
9,23,182,105,126
10,23,184,104,122
11,23,182,101,121
12,23,181,101,123
13,23,182,108,124
14,23,182,109,125
15,23,183,108,128
16,23,184,111,128
17,23,183,107,125
18,23,184,103,122
19,23,182,102,120
20,23,198,194,192
21,23,199,194,192
22,23,199,194,192
23,23,198,194,192
24,23,198,194,192
25,23,197,193,192
26,23,196,193,192
27,23,220,180,140
28,23,220,180,140
29,23,220,180,140
30,23,220,180,140
31,23,220,180,140
32,23,220,180,140
33,23,220,180,140
34,23,193,192,193
35,23,194,192,193
36,23,195,192,193
37,23,196,193,192
38,23,196,193,192
39,23,197,194,192
40,23,198,194,192
41,23,198,194,192
42,23,199,194,192
43,23,199,194,192
44,23,198,194,192
45,23,198,194,192
46,23,197,193,192
47,23,196,193,192
48,23,195,193,192
49,23,181,102,121
50,23,183,108,123
51,23,191,116,122
52,23,184,115,131
53,23,184,106,125
54,23,240,245,255
55,23,181,103,122
56,23,185,106,125
57,23,187,109,127
58,23,183,105,121
59,23,187,109,126
60,23,180,116,125
61,23,191,104,121
62,23,190,112,125
63,23,186,109,126
0,24,180,101,120
1,24,180,100,121
2,24,188,108,126
3,24,183,109,120
4,24,192,104,129
5,24,190,113,130
6,24,185,104,131
7,24,187,101,123
8,24,188,101,124
9,24,185,106,125
10,24,182,101,122
11,24,192,191,193
12,24,180,101,121
13,24,181,103,122
14,24,182,103,122
15,24,181,101,122
16,24,181,104,121
17,24,182,102,122
18,24,180,100,121
19,24,198,194,192
20,24,198,194,192
21,24,198,194,192
22,24,198,194,192
23,24,197,194,192
24,24,197,193,192
25,24,196,193,192
26,24,195,192,193
27,24,220,180,140
28,24,220,180,140
29,24,220,180,140
30,24,220,180,140
31,24,220,180,140
32,24,220,180,140
33,24,220,180,140
34,24,193,192,193
35,24,194,192,193
36,24,195,192,193
37,24,196,193,192
38,24,196,193,192
39,24,197,194,192
40,24,198,194,192
41,24,198,194,192
42,24,198,194,192
43,24,198,194,192
44,24,197,194,192
45,24,197,193,192
46,24,196,193,192
47,24,195,192,193
48,24,194,192,193
49,24,180,103,123
50,24,186,101,121
51,24,190,103,128
52,24,188,115,131
53,24,240,245,255
54,24,180,190,200
55,24,199,111,125
56,24,181,103,121
57,24,183,101,120
58,24,184,102,127
59,24,183,105,127
60,24,184,105,129
61,24,184,103,125
62,24,183,103,121
63,24,181,101,122
0,25,197,194,192
1,25,180,101,122
2,25,184,107,121
3,25,183,102,126
4,25,182,109,128
5,25,230,150,170
6,25,220,130,160
7,25,181,107,124
8,25,182,104,124
9,25,182,103,121
10,25,191,191,193
11,25,192,191,193
12,25,192,191,193
13,25,193,191,193
14,25,194,192,193
15,25,60,40,30
16,25,195,193,192
17,25,196,193,192
18,25,197,193,192
19,25,197,194,192
20,25,197,194,192
21,25,197,194,192
22,25,197,193,192
23,25,196,193,192
24,25,195,193,192
25,25,195,192,193
26,25,194,192,193
27,25,193,191,193
28,25,220,180,140
29,25,220,180,140
30,25,220,180,140
31,25,220,180,140
32,25,220,180,140
33,25,192,191,193
34,25,193,191,193
35,25,194,192,193
36,25,195,192,193
37,25,196,193,192
38,25,196,193,192
39,25,197,193,192
40,25,197,194,192
41,25,197,194,192
42,25,197,194,192
43,25,197,193,192
44,25,196,193,192
45,25,195,193,192
46,25,195,192,193
47,25,194,192,193
48,25,193,191,193
49,25,181,101,121
50,25,181,104,124
51,25,188,106,123
52,25,240,245,255
53,25,186,103,129
54,25,195,111,127
55,25,189,100,136
56,25,188,106,124
57,25,181,101,121
58,25,183,102,122
59,25,181,101,123
60,25,180,101,123
61,25,182,104,124
62,25,182,103,121
63,25,181,101,121
0,26,196,193,192
1,26,196,193,192
2,26,181,100,120
3,26,182,104,122
4,26,181,101,123
5,26,182,103,123
6,26,182,104,124
7,26,180,102,121
8,26,180,101,120
9,26,191,190,193
10,26,191,190,193
11,26,191,191,193
12,26,192,191,193
13,26,193,191,193
14,26,194,192,193
15,26,60,40,30
16,26,195,193,192
17,26,196,193,192
18,26,197,193,192
19,26,197,193,192
20,26,197,193,192
21,26,196,193,192
22,26,196,193,192
23,26,120,20,20
24,26,120,20,20
25,26,120,20,20
26,26,120,20,20
27,26,160,30,30
28,26,160,30,30
29,26,160,30,30
30,26,220,180,140
31,26,160,30,30
32,26,160,30,30
33,26,120,20,20
34,26,120,20,20
35,26,120,20,20
36,26,120,20,20
37,26,195,193,192
38,26,196,193,192
39,26,197,193,192
40,26,197,193,192
41,26,197,193,192
42,26,196,193,192
43,26,196,193,192
44,26,195,193,192
45,26,194,192,193
46,26,193,192,193
47,26,192,191,193
48,26,192,191,193
49,26,191,191,193
50,26,180,101,122
51,26,240,245,255
52,26,183,109,128
53,26,191,102,123
54,26,183,101,121
55,26,189,116,130
56,26,183,115,121
57,26,187,114,122
58,26,181,105,122
59,26,181,101,124
60,26,60,40,30
61,26,197,193,192
62,26,197,193,192
63,26,196,193,192
0,27,195,193,192
1,27,195,192,193
2,27,194,192,193
3,27,193,192,193
4,27,192,191,193
5,27,60,40,30
6,27,191,190,193
7,27,190,190,193
8,27,190,190,193
9,27,190,190,193
10,27,191,190,193
11,27,191,191,193
12,27,192,191,193
13,27,193,191,193
14,27,194,192,193
15,27,60,40,30
16,27,195,193,192
17,27,196,193,192
18,27,196,193,192
19,27,196,193,192
20,27,196,193,192
21,27,195,193,192
22,27,195,192,193
23,27,120,20,20
24,27,120,20,20
25,27,120,20,20
26,27,120,20,20
27,27,160,30,30
28,27,160,30,30
29,27,160,30,30
30,27,160,30,30
31,27,160,30,30
32,27,160,30,30
33,27,120,20,20
34,27,120,20,20
35,27,120,20,20
36,27,120,20,20
37,27,195,193,192
38,27,196,193,192
39,27,196,193,192
40,27,196,193,192
41,27,196,193,192
42,27,195,193,192
43,27,195,192,193
44,27,194,192,193
45,27,193,191,193
46,27,192,191,193
47,27,191,191,193
48,27,191,190,193
49,27,190,190,193
50,27,240,245,255
51,27,180,190,200
52,27,180,103,121
53,27,182,103,121
54,27,188,100,127
55,27,184,107,128
56,27,183,110,126
57,27,180,108,126
58,27,181,103,124
59,27,181,101,121
60,27,60,40,30
61,27,196,193,192
62,27,196,193,192
63,27,195,193,192
0,28,194,192,193
1,28,194,192,193
2,28,193,191,193
3,28,192,191,193
4,28,191,191,193
5,28,60,40,30
6,28,190,190,193
7,28,190,190,193
8,28,190,190,193
9,28,190,190,193
10,28,190,190,193
11,28,191,190,193
12,28,192,191,193
13,28,193,191,193
14,28,194,192,193
15,28,194,192,193
16,28,195,192,193
17,28,195,193,192
18,28,195,193,192
19,28,195,193,192
20,28,195,192,193
21,28,194,192,193
22,28,194,192,193
23,28,120,20,20
24,28,150,25,25
25,28,120,20,20
26,28,120,20,20
27,28,160,30,30
28,28,160,30,30
29,28,160,30,30
30,28,160,30,30
31,28,160,30,30
32,28,160,30,30
33,28,120,20,20
34,28,120,20,20
35,28,120,20,20
36,28,150,25,25
37,28,195,193,192
38,28,195,193,192
39,28,195,193,192
40,28,195,193,192
41,28,195,192,193
42,28,194,192,193
43,28,194,192,193
44,28,193,191,193
45,28,192,191,193
46,28,191,190,193
47,28,190,190,193
48,28,190,190,193
49,28,240,245,255
50,28,190,190,193
51,28,190,190,193
52,28,180,100,120
53,28,182,100,121
54,28,181,103,124
55,28,184,101,124
56,28,183,101,122
57,28,183,103,121
58,28,180,101,120
59,28,195,193,192
60,28,60,40,30
61,28,195,193,192
62,28,195,192,193
63,28,194,192,193
0,29,193,192,193
1,29,192,191,193
2,29,192,191,193
3,29,191,190,193
4,29,190,190,193
5,29,60,40,30
6,29,189,189,194
7,29,189,189,194
8,29,189,190,193
9,29,189,190,193
10,29,190,190,193
11,29,191,190,193
12,29,192,191,193
13,29,193,191,193
14,29,194,192,193
15,29,194,192,193
16,29,195,192,193
17,29,195,192,193
18,29,195,192,193
19,29,195,192,193
20,29,194,192,193
21,29,193,192,193
22,29,192,191,193
23,29,150,25,25
24,29,120,20,20
25,29,120,20,20
26,29,120,20,20
27,29,160,30,30
28,29,160,30,30
29,29,160,30,30
30,29,160,30,30
31,29,160,30,30
32,29,160,30,30
33,29,120,20,20
34,29,120,20,20
35,29,120,20,20
36,29,120,20,20
37,29,150,25,25
38,29,195,192,193
39,29,195,192,193
40,29,194,192,193
41,29,194,192,193
42,29,193,192,193
43,29,192,191,193
44,29,191,191,193
45,29,191,190,193
46,29,190,190,193
47,29,189,190,193
48,29,240,245,255
49,29,189,189,194
50,29,189,190,193
51,29,190,190,193
52,29,190,190,193
53,29,191,191,193
54,29,192,191,193
55,29,60,40,30
56,29,194,192,193
57,29,194,192,193
58,29,195,192,193
59,29,195,192,193
60,29,195,192,193
61,29,230,150,170
62,29,220,130,160
63,29,193,192,193
0,30,192,191,193
1,30,191,191,193
2,30,190,190,193
3,30,190,190,193
4,30,189,189,194
5,30,188,189,194
6,30,188,189,194
7,30,188,189,194
8,30,189,189,194
9,30,189,190,193
10,30,190,190,193
11,30,191,190,193
12,30,192,191,193
13,30,193,191,193
14,30,193,192,193
15,30,194,192,193
16,30,194,192,193
17,30,194,192,193
18,30,194,192,193
19,30,194,192,193
20,30,193,191,193
21,30,192,191,193
22,30,150,25,25
23,30,100,15,15
24,30,100,15,15
25,30,100,15,15
26,30,100,15,15
27,30,100,15,15
28,30,160,30,30
29,30,160,30,30
30,30,160,30,30
31,30,160,30,30
32,30,160,30,30
33,30,100,15,15
34,30,100,15,15
35,30,100,15,15
36,30,100,15,15
37,30,100,15,15
38,30,150,25,25
39,30,194,192,193
40,30,194,192,193
41,30,193,191,193
42,30,192,191,193
43,30,191,191,193
44,30,190,190,193
45,30,189,190,193
46,30,189,189,194
47,30,240,245,255
48,30,180,190,200
49,30,188,189,194
50,30,189,189,194
51,30,189,190,193
52,30,190,190,193
53,30,191,190,193
54,30,192,191,193
55,30,60,40,30
56,30,193,192,193
57,30,194,192,193
58,30,194,192,193
59,30,194,192,193
60,30,194,192,193
61,30,193,192,193
62,30,193,191,193
63,30,192,191,193
0,31,191,190,193
1,31,190,190,193
2,31,189,190,193
3,31,188,189,194
4,31,188,189,194
5,31,188,189,194
6,31,188,189,194
7,31,188,189,194
8,31,188,189,194
9,31,189,190,193
10,31,190,190,193
11,31,191,190,193
12,31,192,191,193
13,31,193,191,193
14,31,193,192,193
15,31,193,192,193
16,31,194,192,193
17,31,193,192,193
18,31,193,192,193
19,31,192,191,193
20,31,192,191,193
21,31,150,25,25
22,31,190,190,193
23,31,189,190,193
24,31,100,15,15
25,31,100,15,15
26,31,100,15,15
27,31,160,30,30
28,31,160,30,30
29,31,160,30,30
30,31,160,30,30
31,31,160,30,30
32,31,160,30,30
33,31,160,30,30
34,31,100,15,15
35,31,100,15,15
36,31,100,15,15
37,31,194,192,193
38,31,193,192,193
39,31,150,25,25
40,31,192,191,193
41,31,192,191,193
42,31,191,190,193
43,31,190,190,193
44,31,189,190,193
45,31,188,189,194
46,31,240,245,255
47,31,188,189,194
48,31,188,189,194
49,31,188,189,194
50,31,188,189,194
51,31,189,190,193
52,31,190,190,193
53,31,191,190,193
54,31,192,191,193
55,31,60,40,30
56,31,193,192,193
57,31,194,192,193
58,31,194,192,193
59,31,193,192,193
60,31,193,192,193
61,31,192,191,193
62,31,192,191,193
63,31,191,190,193
0,32,190,190,193
1,32,189,189,194
2,32,188,189,194
3,32,187,189,194
4,32,187,189,194
5,32,187,189,194
6,32,187,189,194
7,32,188,189,194
8,32,188,189,194
9,32,189,190,193
10,32,190,190,193
11,32,191,190,193
12,32,192,191,193
13,32,192,191,193
14,32,193,191,193
15,32,193,191,193
16,32,193,191,193
17,32,193,191,193
18,32,192,191,193
19,32,191,191,193
20,32,190,190,193
21,32,190,190,193
22,32,189,189,194
23,32,188,189,194
24,32,100,15,15
25,32,100,15,15
26,32,100,15,15
27,32,160,30,30
28,32,160,30,30
29,32,160,30,30
30,32,160,30,30
31,32,160,30,30
32,32,160,30,30
33,32,160,30,30
34,32,100,15,15
35,32,100,15,15
36,32,100,15,15
37,32,193,191,193
38,32,193,191,193
39,32,192,191,193
40,32,150,25,25
41,32,190,190,193
42,32,220,180,140
43,32,189,189,194
44,32,188,189,194
45,32,240,245,255
46,32,187,189,194
47,32,187,189,194
48,32,187,189,194
49,32,188,189,194
50,32,188,189,194
51,32,189,190,193
52,32,190,190,193
53,32,191,190,193
54,32,192,191,193
55,32,192,191,193
56,32,193,191,193
57,32,193,191,193
58,32,193,191,193
59,32,193,191,193
60,32,192,191,193
61,32,191,191,193
62,32,190,190,193
63,32,190,190,193
0,33,188,189,194
1,33,188,189,194
2,33,187,188,194
3,33,187,188,194
4,33,186,188,194
5,33,186,188,194
6,33,187,188,194
7,33,187,189,194
8,33,188,189,194
9,33,189,190,193
10,33,190,190,193
11,33,191,190,193
12,33,191,191,193
13,33,192,191,193
14,33,192,191,193
15,33,192,191,193
16,33,192,191,193
17,33,192,191,193
18,33,191,190,193
19,33,190,190,193
20,33,189,190,193
21,33,188,189,194
22,33,188,189,194
23,33,187,188,194
24,33,187,188,194
25,33,100,15,15
26,33,160,30,30
27,33,160,30,30
28,33,160,30,30
29,33,160,30,30
30,33,160,30,30
31,33,160,30,30
32,33,160,30,30
33,33,160,30,30
34,33,160,30,30
35,33,100,15,15
36,33,192,191,193
37,33,192,191,193
38,33,192,191,193
39,33,191,190,193
40,33,190,190,193
41,33,220,180,140
42,33,220,180,140
43,33,80,50,20
44,33,220,230,240
45,33,180,190,200
46,33,186,188,194
47,33,186,188,194
48,33,187,188,194
49,33,187,189,194
50,33,188,189,194
51,33,189,190,193
52,33,190,190,193
53,33,191,190,193
54,33,192,191,193
55,33,192,191,193
56,33,192,191,193
57,33,192,191,193
58,33,192,191,193
59,33,192,191,193
60,33,191,190,193
61,33,190,190,193
62,33,189,190,193
63,33,188,189,194
0,34,187,189,194
1,34,187,188,194
2,34,186,188,194
3,34,186,188,194
4,34,186,188,194
5,34,186,188,194
6,34,187,188,194
7,34,187,189,194
8,34,188,189,194
9,34,189,189,194
10,34,190,190,193
11,34,191,190,193
12,34,191,191,193
13,34,192,191,193
14,34,192,191,193
15,34,192,191,193
16,34,191,191,193
17,34,191,190,193
18,34,190,190,193
19,34,189,189,194
20,34,188,189,194
21,34,187,189,194
22,34,187,188,194
23,34,186,188,194
24,34,186,188,194
25,34,180,150,20
26,34,180,150,20
27,34,180,150,20
28,34,180,150,20
29,34,180,150,20
30,34,180,150,20
31,34,180,150,20
32,34,180,150,20
33,34,180,150,20
34,34,180,150,20
35,34,192,191,193
36,34,192,191,193
37,34,191,191,193
38,34,191,190,193
39,34,190,190,193
40,34,220,180,140
41,34,220,180,140
42,34,220,180,140
43,34,80,50,20
44,34,230,150,170
45,34,220,130,160
46,34,186,188,194
47,34,186,188,194
48,34,187,188,194
49,34,187,189,194
50,34,188,189,194
51,34,189,190,193
52,34,190,190,193
53,34,191,190,193
54,34,191,191,193
55,34,192,191,193
56,34,192,191,193
57,34,192,191,193
58,34,191,191,193
59,34,191,190,193
60,34,190,190,193
61,34,189,189,194
62,34,188,189,194
63,34,187,189,194
0,35,186,188,194
1,35,186,188,194
2,35,185,188,194
3,35,185,188,194
4,35,185,188,194
5,35,186,188,194
6,35,186,188,194
7,35,187,189,194
8,35,188,189,194
9,35,189,189,194
10,35,190,190,193
11,35,190,190,193
12,35,191,190,193
13,35,191,191,193
14,35,191,191,193
15,35,191,190,193
16,35,190,190,193
17,35,189,190,193
18,35,189,189,194
19,35,188,189,194
20,35,187,188,194
21,35,186,188,194
22,35,186,188,194
23,35,185,188,194
24,35,185,188,194
25,35,180,150,20
26,35,180,150,20
27,35,180,150,20
28,35,180,150,20
29,35,180,150,20
30,35,180,150,20
31,35,180,150,20
32,35,180,150,20
33,35,180,150,20
34,35,180,150,20
35,35,191,191,193
36,35,191,190,193
37,35,190,190,193
38,35,189,190,193
39,35,189,189,194
40,35,188,189,194
41,35,220,180,140
42,35,120,80,30
43,35,120,80,30
44,35,120,80,30
45,35,120,80,30
46,35,185,188,194
47,35,186,188,194
48,35,186,188,194
49,35,187,189,194
50,35,188,189,194
51,35,189,190,193
52,35,190,190,193
53,35,190,190,193
54,35,191,190,193
55,35,191,191,193
56,35,191,191,193
57,35,191,190,193
58,35,190,190,193
59,35,189,190,193
60,35,189,189,194
61,35,188,189,194
62,35,187,188,194
63,35,186,188,194
0,36,185,188,194
1,36,185,187,194
2,36,185,187,194
3,36,230,150,170
4,36,220,130,160
5,36,186,188,194
6,36,186,188,194
7,36,187,189,194
8,36,188,189,194
9,36,189,189,194
10,36,190,190,193
11,36,190,190,193
12,36,190,190,193
13,36,190,190,193
14,36,190,190,193
15,36,190,190,193
16,36,189,190,193
17,36,188,189,194
18,36,187,189,194
19,36,187,188,194
20,36,186,188,194
21,36,185,188,194
22,36,185,187,194
23,36,185,187,194
24,36,185,187,194
25,36,180,150,20
26,36,180,150,20
27,36,180,150,20
28,36,180,150,20
29,36,180,150,20
30,36,180,150,20
31,36,180,150,20
32,36,180,150,20
33,36,180,150,20
34,36,180,150,20
35,36,25,15,50
36,36,190,190,193
37,36,189,190,193
38,36,188,189,194
39,36,187,189,194
40,36,186,188,194
41,36,186,188,194
42,36,120,80,30
43,36,120,80,30
44,36,120,80,30
45,36,120,80,30
46,36,185,187,194
47,36,186,188,194
48,36,186,188,194
49,36,187,189,194
50,36,188,189,194
51,36,189,189,194
52,36,190,190,193
53,36,190,190,193
54,36,190,190,193
55,36,190,190,193
56,36,190,190,193
57,36,190,190,193
58,36,189,190,193
59,36,188,189,194
60,36,187,189,194
61,36,186,188,194
62,36,186,188,194
63,36,185,188,194
0,37,184,187,194
1,37,184,187,194
2,37,184,187,194
3,37,184,187,194
4,37,185,187,194
5,37,185,188,194
6,37,186,188,194
7,37,187,189,194
8,37,188,189,194
9,37,189,189,194
10,37,189,190,193
11,37,190,190,193
12,37,190,190,193
13,37,190,190,193
14,37,189,190,193
15,37,189,189,194
16,37,188,189,194
17,37,187,189,194
18,37,186,188,194
19,37,185,188,194
20,37,185,187,194
21,37,184,187,194
22,37,184,187,194
23,37,184,187,194
24,37,184,187,194
25,37,160,30,30
26,37,160,30,30
27,37,160,30,30
28,37,160,30,30
29,37,160,30,30
30,37,160,30,30
31,37,160,30,30
32,37,160,30,30
33,37,160,30,30
34,37,230,150,170
35,37,220,130,160
36,37,189,189,194
37,37,188,189,194
38,37,187,189,194
39,37,186,188,194
40,37,185,188,194
41,37,185,187,194
42,37,184,187,194
43,37,80,50,20
44,37,80,50,20
45,37,184,187,194
46,37,185,187,194
47,37,185,188,194
48,37,186,188,194
49,37,187,189,194
50,37,188,189,194
51,37,189,189,194
52,37,189,190,193
53,37,190,190,193
54,37,190,190,193
55,37,190,190,193
56,37,189,190,193
57,37,189,189,194
58,37,188,189,194
59,37,187,188,194
60,37,186,188,194
61,37,185,188,194
62,37,185,187,194
63,37,184,187,194
0,38,183,187,194
1,38,183,187,194
2,38,183,187,194
3,38,184,187,194
4,38,184,187,194
5,38,185,188,194
6,38,186,188,194
7,38,187,189,194
8,38,188,189,194
9,38,189,189,194
10,38,189,190,193
11,38,189,190,193
12,38,189,190,193
13,38,189,189,194
14,38,188,189,194
15,38,188,189,194
16,38,187,188,194
17,38,186,188,194
18,38,185,187,194
19,38,184,187,194
20,38,184,187,194
21,38,183,187,194
22,38,183,187,194
23,38,183,187,194
24,38,184,187,194
25,38,30,20,60
26,38,25,15,50
27,38,25,15,50
28,38,25,15,50
29,38,25,15,50
30,38,25,15,50
31,38,25,15,50
32,38,25,15,50
33,38,25,15,50
34,38,25,15,50
35,38,188,189,194
36,38,188,189,194
37,38,187,188,194
38,38,186,188,194
39,38,185,187,194
40,38,184,187,194
41,38,184,187,194
42,38,183,187,194
43,38,80,50,20
44,38,80,50,20
45,38,184,187,194
46,38,185,187,194
47,38,185,188,194
48,38,186,188,194
49,38,187,189,194
50,38,188,189,194
51,38,189,189,194
52,38,189,190,193
53,38,189,190,193
54,38,189,190,193
55,38,189,189,194
56,38,188,189,194
57,38,188,189,194
58,38,187,188,194
59,38,186,188,194
60,38,185,187,194
61,38,184,187,194
62,38,184,187,194
63,38,183,187,194
0,39,183,186,195
1,39,183,186,195
2,39,183,187,194
3,39,184,187,194
4,39,184,187,194
5,39,185,188,194
6,39,186,188,194
7,39,187,188,194
8,39,188,189,194
9,39,188,189,194
10,39,189,189,194
11,39,189,189,194
12,39,188,189,194
13,39,188,189,194
14,39,187,189,194
15,39,186,188,194
16,39,186,188,194
17,39,185,187,194
18,39,184,187,194
19,39,183,187,194
20,39,183,186,195
21,39,183,186,195
22,39,183,186,195
23,39,183,187,194
24,39,184,187,194
25,39,30,20,60
26,39,30,20,60
27,39,25,15,50
28,39,25,15,50
29,39,25,15,50
30,39,25,15,50
31,39,25,15,50
32,39,25,15,50
33,39,25,15,50
34,39,25,15,50
35,39,187,189,194
36,39,186,188,194
37,39,185,188,194
38,39,185,187,194
39,39,184,187,194
40,39,183,187,194
41,39,183,186,195
42,39,183,186,195
43,39,183,186,195
44,39,183,187,194
45,39,184,187,194
46,39,184,187,194
47,39,185,188,194
48,39,186,188,194
49,39,187,189,194
50,39,188,189,194
51,39,188,189,194
52,39,189,189,194
53,39,189,189,194
54,39,188,189,194
55,39,188,189,194
56,39,187,189,194
57,39,186,188,194
58,39,185,188,194
59,39,185,187,194
60,39,184,187,194
61,39,183,187,194
62,39,183,186,195
63,39,183,186,195
0,40,182,186,195
1,40,182,186,195
2,40,183,186,195
3,40,183,187,194
4,40,184,187,194
5,40,185,188,194
6,40,186,188,194
7,40,187,188,194
8,40,187,189,194
9,40,188,189,194
10,40,188,189,194
11,40,188,189,194
12,40,187,189,194
13,40,187,188,194
14,40,186,188,194
15,40,185,188,194
16,40,184,187,194
17,40,183,187,194
18,40,183,186,195
19,40,182,186,195
20,40,182,186,195
21,40,182,186,195
22,40,182,186,195
23,40,183,186,195
24,40,184,187,194
25,40,30,20,60
26,40,30,20,60
27,40,25,15,50
28,40,25,15,50
29,40,25,15,50
30,40,25,15,50
31,40,25,15,50
32,40,25,15,50
33,40,25,15,50
34,40,30,20,60
35,40,186,188,194
36,40,185,188,194
37,40,184,187,194
38,40,183,187,194
39,40,183,186,195
40,40,182,186,195
41,40,182,186,195
42,40,182,186,195
43,40,182,186,195
44,40,183,186,195
45,40,184,187,194
46,40,184,187,194
47,40,185,188,194
48,40,186,188,194
49,40,187,188,194
50,40,188,189,194
51,40,188,189,194
52,40,188,189,194
53,40,188,189,194
54,40,187,189,194
55,40,187,188,194
56,40,186,188,194
57,40,185,188,194
58,40,184,187,194
59,40,183,187,194
60,40,183,186,195
61,40,182,186,195
62,40,182,186,195
63,40,182,186,195
0,41,182,186,195
1,41,182,186,195
2,41,183,186,195
3,41,183,187,194
4,41,184,187,194
5,41,185,188,194
6,41,186,188,194
7,41,187,188,194
8,41,187,189,194
9,41,187,189,194
10,41,187,189,194
11,41,187,189,194
12,41,186,188,194
13,41,186,188,194
14,41,185,187,194
15,41,184,187,194
16,41,183,187,194
17,41,182,186,195
18,41,182,186,195
19,41,181,186,195
20,41,181,186,195
21,41,182,186,195
22,41,182,186,195
23,41,183,186,195
24,41,183,187,194
25,41,30,20,60
26,41,30,20,60
27,41,30,20,60
28,41,25,15,50
29,41,25,15,50
30,41,25,15,50
31,41,25,15,50
32,41,25,15,50
33,41,25,15,50
34,41,30,20,60
35,41,185,187,194
36,41,184,187,194
37,41,183,187,194
38,41,182,186,195
39,41,182,186,195
40,41,181,186,195
41,41,181,186,195
42,41,182,186,195
43,41,182,186,195
44,41,183,186,195
45,41,184,187,194
46,41,184,187,194
47,41,185,188,194
48,41,186,188,194
49,41,187,188,194
50,41,187,189,194
51,41,187,189,194
52,41,187,189,194
53,41,187,188,194
54,41,186,188,194
55,41,186,188,194
56,41,185,187,194
57,41,184,187,194
58,41,183,187,194
59,41,182,186,195
60,41,182,186,195
61,41,181,186,195
62,41,181,186,195
63,41,182,186,195
0,42,181,186,195
1,42,182,186,195
2,42,183,186,195
3,42,183,187,194
4,42,184,187,194
5,42,185,188,194
6,42,186,188,194
7,42,186,188,194
8,42,187,188,194
9,42,187,188,194
10,42,187,188,194
11,42,186,188,194
12,42,185,188,194
13,42,185,187,194
14,42,184,187,194
15,42,183,186,195
16,42,182,186,195
17,42,181,186,195
18,42,181,185,195
19,42,181,185,195
20,42,181,185,195
21,42,181,186,195
22,42,182,186,195
23,42,183,186,195
24,42,183,187,194
25,42,30,20,60
26,42,30,20,60
27,42,30,20,60
28,42,25,15,50
29,42,25,15,50
30,42,25,15,50
31,42,25,15,50
32,42,25,15,50
33,42,30,20,60
34,42,30,20,60
35,42,184,187,194
36,42,183,186,195
37,42,182,186,195
38,42,181,186,195
39,42,181,185,195
40,42,181,185,195
41,42,181,185,195
42,42,181,186,195
43,42,182,186,195
44,42,183,186,195
45,42,183,187,194
46,42,184,187,194
47,42,185,188,194
48,42,186,188,194
49,42,186,188,194
50,42,187,188,194
51,42,187,188,194
52,42,186,188,194
53,42,186,188,194
54,42,185,188,194
55,42,184,187,194
56,42,184,187,194
57,42,183,186,195
58,42,182,186,195
59,42,181,186,195
60,42,181,185,195
61,42,181,185,195
62,42,181,185,195
63,42,181,186,195
0,43,181,185,195
1,43,182,186,195
2,43,120,140,100
3,43,120,140,100
4,43,120,140,100
5,43,120,140,100
6,43,120,140,100
7,43,186,188,194
8,43,186,188,194
9,43,186,188,194
10,43,186,188,194
11,43,185,187,194
12,43,184,187,194
13,43,183,187,194
14,43,182,186,195
15,43,182,186,195
16,43,181,185,195
17,43,180,185,195
18,43,120,140,100
19,43,120,140,100
20,43,120,140,100
21,43,120,140,100
22,43,120,140,100
23,43,183,186,195
24,43,183,187,194
25,43,30,20,60
26,43,30,20,60
27,43,30,20,60
28,43,30,20,60
29,43,25,15,50
30,43,25,15,50
31,43,25,15,50
32,43,25,15,50
33,43,30,20,60
34,43,30,20,60
35,43,120,140,100
36,43,120,140,100
37,43,120,140,100
38,43,180,185,195
39,43,180,185,195
40,43,180,185,195
41,43,180,185,195
42,43,181,185,195
43,43,182,186,195
44,43,183,186,195
45,43,183,187,194
46,43,184,187,194
47,43,185,188,194
48,43,186,188,194
49,43,120,140,100
50,43,120,140,100
51,43,120,140,100
52,43,120,140,100
53,43,120,140,100
54,43,184,187,194
55,43,183,187,194
56,43,182,186,195
57,43,182,186,195
58,43,181,185,195
59,43,180,185,195
60,43,180,185,195
61,43,180,185,195
62,43,180,185,195
63,43,181,186,195
0,44,120,140,100
1,44,120,140,100
2,44,80,100,70
3,44,80,100,70
4,44,80,100,70
5,44,80,100,70
6,44,80,100,70
7,44,120,140,100
8,44,120,140,100
9,44,120,140,100
10,44,185,187,194
11,44,184,187,194
12,44,183,186,195
13,44,182,186,195
14,44,181,186,195
15,44,120,140,100
16,44,120,140,100
17,44,120,140,100
18,44,80,100,70
19,44,80,100,70
20,44,80,100,70
21,44,80,100,70
22,44,80,100,70
23,44,120,140,100
24,44,120,140,100
25,44,30,20,60
26,44,30,20,60
27,44,30,20,60
28,44,30,20,60
29,44,25,15,50
30,44,25,15,50
31,44,25,15,50
32,44,30,20,60
33,44,30,20,60
34,44,30,20,60
35,44,80,100,70
36,44,80,100,70
37,44,80,100,70
38,44,120,140,100
39,44,120,140,100
40,44,120,140,100
41,44,180,185,195
42,44,181,185,195
43,44,182,186,195
44,44,183,186,195
45,44,183,187,194
46,44,120,140,100
47,44,120,140,100
48,44,120,140,100
49,44,80,100,70
50,44,80,100,70
51,44,80,100,70
52,44,80,100,70
53,44,80,100,70
54,44,120,140,100
55,44,120,140,100
56,44,120,140,100
57,44,180,185,195
58,44,180,185,195
59,44,180,185,195
60,44,180,185,195
61,44,180,185,195
62,44,120,140,100
63,44,120,140,100
0,45,80,100,70
1,45,80,100,70
2,45,80,100,70
3,45,80,100,70
4,45,80,100,70
5,45,80,100,70
6,45,80,100,70
7,45,80,100,70
8,45,80,100,70
9,45,80,100,70
10,45,120,140,100
11,45,120,140,100
12,45,120,140,100
13,45,120,140,100
14,45,120,140,100
15,45,80,100,70
16,45,80,100,70
17,45,80,100,70
18,45,80,100,70
19,45,80,100,70
20,45,80,100,70
21,45,80,100,70
22,45,80,100,70
23,45,80,100,70
24,45,80,100,70
25,45,30,20,60
26,45,30,20,60
27,45,30,20,60
28,45,30,20,60
29,45,30,20,60
30,45,25,15,50
31,45,25,15,50
32,45,30,20,60
33,45,30,20,60
34,45,30,20,60
35,45,80,100,70
36,45,80,100,70
37,45,80,100,70
38,45,80,100,70
39,45,80,100,70
40,45,80,100,70
41,45,120,140,100
42,45,120,140,100
43,45,120,140,100
44,45,120,140,100
45,45,120,140,100
46,45,80,100,70
47,45,80,100,70
48,45,80,100,70
49,45,80,100,70
50,45,80,100,70
51,45,80,100,70
52,45,80,100,70
53,45,80,100,70
54,45,80,100,70
55,45,80,100,70
56,45,80,100,70
57,45,120,140,100
58,45,120,140,100
59,45,120,140,100
60,45,120,140,100
61,45,120,140,100
62,45,80,100,70
63,45,80,100,70
0,46,80,100,70
1,46,80,100,70
2,46,80,100,70
3,46,80,100,70
4,46,80,100,70
5,46,80,100,70
6,46,80,100,70
7,46,80,100,70
8,46,80,100,70
9,46,80,100,70
10,46,80,100,70
11,46,80,100,70
12,46,80,100,70
13,46,80,100,70
14,46,80,100,70
15,46,80,100,70
16,46,80,100,70
17,46,80,100,70
18,46,80,100,70
19,46,80,100,70
20,46,80,100,70
21,46,80,100,70
22,46,80,100,70
23,46,80,100,70
24,46,80,100,70
25,46,80,100,70
26,46,80,100,70
27,46,80,100,70
28,46,80,100,70
29,46,80,100,70
30,46,25,15,50
31,46,80,100,70
32,46,80,100,70
33,46,80,100,70
34,46,80,100,70
35,46,80,100,70
36,46,80,100,70
37,46,80,100,70
38,46,80,100,70
39,46,80,100,70
40,46,80,100,70
41,46,80,100,70
42,46,80,100,70
43,46,80,100,70
44,46,80,100,70
45,46,80,100,70
46,46,80,100,70
47,46,80,100,70
48,46,80,100,70
49,46,80,100,70
50,46,80,100,70
51,46,80,100,70
52,46,80,100,70
53,46,80,100,70
54,46,80,100,70
55,46,80,100,70
56,46,80,100,70
57,46,80,100,70
58,46,80,100,70
59,46,80,100,70
60,46,80,100,70
61,46,80,100,70
62,46,80,100,70
63,46,80,100,70
0,47,80,100,70
1,47,80,100,70
2,47,80,100,70
3,47,80,100,70
4,47,80,100,70
5,47,80,100,70
6,47,80,100,70
7,47,80,100,70
8,47,80,100,70
9,47,80,100,70
10,47,80,100,70
11,47,80,100,70
12,47,80,100,70
13,47,80,100,70
14,47,80,100,70
15,47,80,100,70
16,47,80,100,70
17,47,80,100,70
18,47,80,100,70
19,47,80,100,70
20,47,80,100,70
21,47,80,100,70
22,47,80,100,70
23,47,80,100,70
24,47,80,100,70
25,47,80,100,70
26,47,80,100,70
27,47,80,100,70
28,47,80,100,70
29,47,80,100,70
30,47,80,100,70
31,47,80,100,70
32,47,80,100,70
33,47,80,100,70
34,47,80,100,70
35,47,80,100,70
36,47,80,100,70
37,47,80,100,70
38,47,80,100,70
39,47,80,100,70
40,47,80,100,70
41,47,80,100,70
42,47,80,100,70
43,47,80,100,70
44,47,80,100,70
45,47,80,100,70
46,47,80,100,70
47,47,80,100,70
48,47,80,100,70
49,47,80,100,70
50,47,80,100,70
51,47,80,100,70
52,47,80,100,70
53,47,80,100,70
54,47,80,100,70
55,47,80,100,70
56,47,80,100,70
57,47,80,100,70
58,47,80,100,70
59,47,80,100,70
60,47,80,100,70
61,47,80,100,70
62,47,80,100,70
63,47,80,100,70