0,0,255,80,0
1,0,255,80,0
2,0,255,80,0
3,0,255,80,0
4,0,255,80,0
5,0,255,80,0
6,0,255,80,0
7,0,255,80,0
8,0,255,80,0
9,0,255,80,0
10,0,255,80,0
11,0,255,80,0
12,0,255,80,0
13,0,255,80,0
14,0,255,80,0
15,0,255,80,0
16,0,255,80,0
17,0,255,80,0
18,0,255,80,0
19,0,255,80,0
20,0,255,80,0
21,0,255,80,0
22,0,255,80,0
23,0,255,80,0
24,0,255,80,0
25,0,255,80,0
26,0,255,80,0
27,0,255,80,0
28,0,255,80,0
29,0,255,80,0
30,0,255,80,0
31,0,255,80,0
32,0,255,80,0
33,0,255,80,0
34,0,255,80,0
35,0,255,80,0
36,0,255,80,0
37,0,255,80,0
38,0,255,80,0
39,0,255,80,0
40,0,255,80,0
41,0,255,80,0
42,0,255,80,0
43,0,255,80,0
44,0,255,80,0
45,0,255,80,0
46,0,255,80,0
47,0,255,80,0
48,0,255,80,0
49,0,255,80,0
50,0,255,80,0
51,0,255,80,0
52,0,255,80,0
53,0,255,80,0
54,0,255,80,0
55,0,255,80,0
56,0,255,80,0
57,0,255,80,0
58,0,255,80,0
59,0,255,80,0
60,0,255,80,0
61,0,255,80,0
62,0,255,80,0
63,0,255,80,0
0,1,255,87,3
1,1,255,87,3
2,1,255,87,3
3,1,255,87,3
4,1,255,87,3
5,1,255,87,3
6,1,255,87,3
7,1,255,87,3
8,1,255,87,3
9,1,255,87,3
10,1,255,87,3
11,1,255,87,3
12,1,255,87,3
13,1,255,87,3
14,1,255,240,200
15,1,255,240,200
16,1,255,87,3
17,1,255,87,3
18,1,255,87,3
19,1,255,87,3
20,1,255,87,3
21,1,255,87,3
22,1,255,87,3
23,1,255,87,3
24,1,255,87,3
25,1,255,87,3
26,1,255,87,3
27,1,255,87,3
28,1,255,87,3
29,1,255,87,3
30,1,255,87,3
31,1,255,87,3
32,1,255,87,3
33,1,255,87,3
34,1,255,87,3
35,1,255,87,3
36,1,255,87,3
37,1,255,87,3
38,1,255,87,3
39,1,255,87,3
40,1,255,87,3
41,1,255,87,3
42,1,255,87,3
43,1,255,87,3
44,1,255,87,3
45,1,255,87,3
46,1,255,87,3
47,1,255,87,3
48,1,255,87,3
49,1,255,87,3
50,1,255,87,3
51,1,255,87,3
52,1,255,87,3
53,1,255,87,3
54,1,255,87,3
55,1,255,87,3
56,1,255,240,200
57,1,255,87,3
58,1,255,87,3
59,1,255,87,3
60,1,255,87,3
61,1,255,87,3
62,1,255,87,3
63,1,255,87,3
0,2,255,94,6
1,2,255,94,6
2,2,255,94,6
3,2,255,94,6
4,2,255,94,6
5,2,255,94,6
6,2,255,94,6
7,2,255,94,6
8,2,255,94,6
9,2,255,94,6
10,2,255,94,6
11,2,255,94,6
12,2,255,94,6
13,2,255,94,6
14,2,255,94,6
15,2,255,94,6
16,2,255,94,6
17,2,255,94,6
18,2,255,94,6
19,2,255,94,6
20,2,255,94,6
21,2,255,94,6
22,2,255,94,6
23,2,255,240,200
24,2,255,94,6
25,2,255,94,6
26,2,255,94,6
27,2,255,94,6
28,2,255,94,6
29,2,255,94,6
30,2,255,94,6
31,2,255,94,6
32,2,255,94,6
33,2,255,94,6
34,2,255,94,6
35,2,255,94,6
36,2,255,94,6
37,2,255,94,6
38,2,255,94,6
39,2,255,94,6
40,2,255,94,6
41,2,255,94,6
42,2,255,94,6
43,2,255,94,6
44,2,255,94,6
45,2,255,94,6
46,2,255,94,6
47,2,255,94,6
48,2,255,94,6
49,2,255,94,6
50,2,255,94,6
51,2,255,94,6
52,2,255,94,6
53,2,255,94,6
54,2,255,94,6
55,2,255,94,6
56,2,255,94,6
57,2,255,94,6
58,2,255,94,6
59,2,255,94,6
60,2,255,94,6
61,2,255,94,6
62,2,255,94,6
63,2,255,94,6
0,3,255,101,9
1,3,255,101,9
2,3,255,101,9
3,3,255,101,9
4,3,255,101,9
5,3,255,101,9
6,3,255,101,9
7,3,255,101,9
8,3,255,101,9
9,3,255,101,9
10,3,255,101,9
11,3,255,101,9
12,3,255,101,9
13,3,255,101,9
14,3,255,101,9
15,3,255,101,9
16,3,255,101,9
17,3,255,101,9
18,3,255,101,9
19,3,255,101,9
20,3,255,101,9
21,3,255,101,9
22,3,255,240,200
23,3,255,101,9
24,3,255,101,9
25,3,255,101,9
26,3,255,101,9
27,3,255,101,9
28,3,255,101,9
29,3,255,101,9
30,3,255,101,9
31,3,255,101,9
32,3,255,101,9
33,3,255,240,200
34,3,255,101,9
35,3,255,101,9
36,3,255,101,9
37,3,255,101,9
38,3,255,101,9
39,3,255,101,9
40,3,255,101,9
41,3,255,101,9
42,3,255,101,9
43,3,255,101,9
44,3,255,101,9
45,3,255,101,9
46,3,255,101,9
47,3,255,101,9
48,3,255,101,9
49,3,255,101,9
50,3,255,101,9
51,3,255,101,9
52,3,255,101,9
53,3,255,101,9
54,3,255,101,9
55,3,255,101,9
56,3,255,101,9
57,3,255,101,9
58,3,255,101,9
59,3,255,101,9
60,3,255,101,9
61,3,255,101,9
62,3,255,101,9
63,3,255,101,9
0,4,255,108,12
1,4,255,108,12
2,4,255,108,12
3,4,255,108,12
4,4,255,108,12
5,4,255,108,12
6,4,255,108,12
7,4,255,108,12
8,4,255,108,12
9,4,255,108,12
10,4,255,108,12
11,4,255,108,12
12,4,255,108,12
13,4,255,108,12
14,4,255,108,12
15,4,255,108,12
16,4,255,108,12
17,4,255,108,12
18,4,255,108,12
19,4,255,108,12
20,4,255,108,12
21,4,255,108,12
22,4,255,108,12
23,4,255,108,12
24,4,255,108,12
25,4,255,108,12
26,4,255,108,12
27,4,255,108,12
28,4,255,108,12
29,4,255,108,12
30,4,255,108,12
31,4,255,108,12
32,4,255,108,12
33,4,255,108,12
34,4,255,108,12
35,4,255,108,12
36,4,255,108,12
37,4,255,108,12
38,4,255,108,12
39,4,255,108,12
40,4,255,108,12
41,4,255,108,12
42,4,255,108,12
43,4,255,108,12
44,4,255,108,12
45,4,255,108,12
46,4,255,108,12
47,4,255,108,12
48,4,255,108,12
49,4,255,108,12
50,4,255,108,12
51,4,255,108,12
52,4,255,108,12
53,4,255,108,12
54,4,255,108,12
55,4,255,108,12
56,4,255,108,12
57,4,255,108,12
58,4,255,108,12
59,4,255,108,12
60,4,255,108,12
61,4,255,108,12
62,4,255,108,12
63,4,255,108,12
0,5,255,115,15
1,5,255,115,15
2,5,255,115,15
3,5,255,115,15
4,5,255,115,15
5,5,255,115,15
6,5,255,115,15
7,5,255,115,15
8,5,255,115,15
9,5,255,115,15
10,5,255,115,15
11,5,255,115,15
12,5,255,115,15
13,5,255,115,15
14,5,255,115,15
15,5,255,115,15
16,5,255,115,15
17,5,255,115,15
18,5,255,115,15
19,5,255,115,15
20,5,255,115,15
21,5,255,115,15
22,5,255,115,15
23,5,255,115,15
24,5,255,115,15
25,5,255,115,15
26,5,255,115,15
27,5,255,115,15
28,5,255,115,15
29,5,255,115,15
30,5,255,115,15
31,5,255,115,15
32,5,255,115,15
33,5,255,115,15
34,5,255,115,15
35,5,255,240,200
36,5,255,115,15
37,5,255,115,15
38,5,255,115,15
39,5,255,115,15
40,5,255,115,15
41,5,255,115,15
42,5,255,115,15
43,5,255,115,15
44,5,255,115,15
45,5,255,115,15
46,5,255,115,15
47,5,255,115,15
48,5,255,115,15
49,5,255,115,15
50,5,255,115,15
51,5,255,115,15
52,5,255,115,15
53,5,255,115,15
54,5,255,115,15
55,5,255,115,15
56,5,255,115,15
57,5,255,115,15
58,5,255,115,15
59,5,255,115,15
60,5,255,115,15
61,5,255,115,15
62,5,255,115,15
63,5,255,115,15
0,6,255,122,18
1,6,255,122,18
2,6,255,122,18
3,6,255,122,18
4,6,255,122,18
5,6,255,122,18
6,6,255,122,18
7,6,255,122,18
8,6,255,122,18
9,6,255,122,18
10,6,255,122,18
11,6,255,122,18
12,6,255,122,18
13,6,255,122,18
14,6,255,122,18
15,6,255,122,18
16,6,255,122,18
17,6,255,122,18
18,6,255,122,18
19,6,255,122,18
20,6,255,122,18
21,6,255,122,18
22,6,255,122,18
23,6,255,122,18
24,6,255,122,18
25,6,255,122,18
26,6,255,122,18
27,6,255,122,18
28,6,255,240,200
29,6,255,122,18
30,6,255,122,18
31,6,255,122,18
32,6,255,122,18
33,6,255,122,18
34,6,255,122,18
35,6,255,122,18
36,6,255,122,18
37,6,255,122,18
38,6,255,122,18
39,6,255,122,18
40,6,255,122,18
41,6,255,122,18
42,6,255,122,18
43,6,255,122,18
44,6,255,122,18
45,6,255,122,18
46,6,255,122,18
47,6,255,122,18
48,6,255,122,18
49,6,255,122,18
50,6,255,122,18
51,6,255,122,18
52,6,255,122,18
53,6,255,122,18
54,6,255,122,18
55,6,255,122,18
56,6,255,122,18
57,6,255,122,18
58,6,255,122,18
59,6,255,122,18
60,6,255,122,18
61,6,255,122,18
62,6,255,122,18
63,6,255,122,18
0,7,255,240,200
1,7,255,129,21
2,7,255,240,200
3,7,255,129,21
4,7,255,129,21
5,7,255,129,21
6,7,255,129,21
7,7,255,129,21
8,7,255,129,21
9,7,255,129,21
10,7,255,129,21
11,7,255,129,21
12,7,255,129,21
13,7,255,129,21
14,7,255,129,21
15,7,255,129,21
16,7,255,129,21
17,7,255,129,21
18,7,255,129,21
19,7,255,129,21
20,7,255,129,21
21,7,255,129,21
22,7,255,129,21
23,7,255,129,21
24,7,255,129,21
25,7,255,129,21
26,7,255,129,21
27,7,255,129,21
28,7,255,129,21
29,7,255,129,21
30,7,255,129,21
31,7,255,129,21
32,7,255,129,21
33,7,255,129,21
34,7,255,129,21
35,7,255,129,21
36,7,255,129,21
37,7,255,129,21
38,7,255,129,21
39,7,255,129,21
40,7,255,129,21
41,7,255,129,21
42,7,255,129,21
43,7,255,129,21
44,7,255,129,21
45,7,255,129,21
46,7,255,129,21
47,7,255,129,21
48,7,255,129,21
49,7,255,129,21
50,7,255,129,21
51,7,255,129,21
52,7,255,129,21
53,7,255,129,21
54,7,255,129,21
55,7,255,129,21
56,7,255,129,21
57,7,255,129,21
58,7,255,129,21
59,7,255,129,21
60,7,255,129,21
61,7,255,129,21
62,7,255,129,21
63,7,255,129,21
0,8,255,136,24
1,8,255,136,24
2,8,255,136,24
3,8,255,136,24
4,8,255,240,200
5,8,255,136,24
6,8,255,136,24
7,8,255,136,24
8,8,255,136,24
9,8,255,136,24
10,8,255,136,24
11,8,255,136,24
12,8,255,136,24
13,8,255,136,24
14,8,255,136,24
15,8,255,136,24
16,8,255,136,24
17,8,255,136,24
18,8,255,136,24
19,8,255,240,200
20,8,255,136,24
21,8,255,136,24
22,8,255,136,24
23,8,255,136,24
24,8,255,136,24
25,8,255,136,24
26,8,255,136,24
27,8,255,136,24
28,8,255,136,24
29,8,255,136,24
30,8,255,136,24
31,8,255,136,24
32,8,255,136,24
33,8,255,136,24
34,8,255,136,24
35,8,255,136,24
36,8,255,136,24
37,8,255,136,24
38,8,255,136,24
39,8,255,136,24
40,8,255,136,24
41,8,255,136,24
42,8,255,136,24
43,8,255,136,24
44,8,255,136,24
45,8,255,136,24
46,8,255,136,24
47,8,255,136,24
48,8,255,136,24
49,8,255,136,24
50,8,255,136,24
51,8,255,136,24
52,8,255,136,24
53,8,255,136,24
54,8,255,136,24
55,8,255,240,200
56,8,255,136,24
57,8,255,136,24
58,8,255,136,24
59,8,255,136,24
60,8,255,136,24
61,8,255,136,24
62,8,255,136,24
63,8,255,136,24
0,9,255,143,27
1,9,255,143,27
2,9,255,143,27
3,9,255,143,27
4,9,255,143,27
5,9,255,143,27
6,9,255,143,27
7,9,255,143,27
8,9,255,143,27
9,9,255,143,27
10,9,255,143,27
11,9,255,143,27
12,9,255,143,27
13,9,255,143,27
14,9,255,143,27
15,9,255,143,27
16,9,255,143,27
17,9,255,143,27
18,9,255,143,27
19,9,255,143,27
20,9,255,143,27
21,9,255,143,27
22,9,255,143,27
23,9,255,143,27
24,9,255,143,27
25,9,255,143,27
26,9,255,143,27
27,9,255,143,27
28,9,255,143,27
29,9,255,143,27
30,9,255,143,27
31,9,255,143,27
32,9,255,143,27
33,9,255,143,27
34,9,255,143,27
35,9,255,143,27
36,9,255,143,27
37,9,255,143,27
38,9,255,143,27
39,9,255,143,27
40,9,255,143,27
41,9,255,143,27
42,9,255,143,27
43,9,255,143,27
44,9,255,143,27
45,9,255,143,27
46,9,255,143,27
47,9,255,143,27
48,9,255,143,27
49,9,255,143,27
50,9,255,143,27
51,9,255,143,27
52,9,255,143,27
53,9,255,143,27
54,9,255,143,27
55,9,255,240,200
56,9,255,143,27
57,9,255,143,27
58,9,255,240,200
59,9,255,143,27
60,9,255,143,27
61,9,255,143,27
62,9,255,143,27
63,9,255,143,27
0,10,255,149,30
1,10,255,149,30
2,10,255,149,30
3,10,255,149,30
4,10,255,149,30
5,10,255,149,30
6,10,255,149,30
7,10,255,149,30
8,10,255,149,30
9,10,255,149,30
10,10,255,149,30
11,10,255,149,30
12,10,255,149,30
13,10,255,149,30
14,10,255,149,30
15,10,255,149,30
16,10,255,149,30
17,10,255,149,30
18,10,255,149,30
19,10,255,149,30
20,10,255,149,30
21,10,255,149,30
22,10,255,149,30
23,10,255,149,30
24,10,255,149,30
25,10,255,149,30
26,10,255,149,30
27,10,255,149,30
28,10,255,149,30
29,10,255,149,30
30,10,255,149,30
31,10,255,149,30
32,10,255,149,30
33,10,255,149,30
34,10,255,149,30
35,10,255,149,30
36,10,255,149,30
37,10,255,149,30
38,10,255,149,30
39,10,255,149,30
40,10,255,149,30
41,10,255,149,30
42,10,255,149,30
43,10,255,149,30
44,10,255,149,30
45,10,255,149,30
46,10,255,149,30
47,10,255,149,30
48,10,255,149,30
49,10,255,149,30
50,10,255,149,30
51,10,255,149,30
52,10,255,149,30
53,10,255,149,30
54,10,255,149,30
55,10,255,149,30
56,10,255,149,30
57,10,255,149,30
58,10,255,149,30
59,10,255,149,30
60,10,255,149,30
61,10,255,149,30
62,10,255,149,30
63,10,255,149,30
0,11,250,144,29
1,11,250,144,29
2,11,250,144,29
3,11,250,144,29
4,11,250,144,29
5,11,250,144,29
6,11,250,144,29
7,11,250,144,29
8,11,250,144,29
9,11,250,144,29
10,11,250,144,29
11,11,250,144,29
12,11,250,144,29
13,11,250,144,29
14,11,250,144,29
15,11,250,144,29
16,11,250,144,29
17,11,250,144,29
18,11,250,144,29
19,11,250,144,29
20,11,250,144,29
21,11,250,144,29
22,11,250,144,29
23,11,250,144,29
24,11,250,144,29
25,11,250,144,29
26,11,250,144,29
27,11,250,144,29
28,11,250,144,29
29,11,250,144,29
30,11,250,144,29
31,11,250,144,29
32,11,250,144,29
33,11,250,144,29
34,11,250,144,29
35,11,250,144,29
36,11,250,144,29
37,11,250,144,29
38,11,250,144,29
39,11,250,144,29
40,11,250,144,29
41,11,250,144,29
42,11,250,144,29
43,11,250,144,29
44,11,250,144,29
45,11,250,144,29
46,11,250,144,29
47,11,250,144,29
48,11,250,144,29
49,11,250,144,29
50,11,250,144,29
51,11,250,144,29
52,11,250,144,29
53,11,250,144,29
54,11,250,144,29
55,11,250,144,29
56,11,250,144,29
57,11,250,144,29
58,11,250,144,29
59,11,250,144,29
60,11,250,144,29
61,11,250,144,29
62,11,250,144,29
63,11,250,144,29
0,12,245,137,28
1,12,245,137,28
2,12,245,137,28
3,12,245,137,28
4,12,245,137,28
5,12,245,137,28
6,12,245,137,28
7,12,245,137,28
8,12,245,137,28
9,12,245,137,28
10,12,245,137,28
11,12,245,137,28
12,12,245,137,28
13,12,245,137,28
14,12,245,137,28
15,12,245,137,28
16,12,245,137,28
17,12,245,137,28
18,12,245,137,28
19,12,245,137,28
20,12,245,137,28
21,12,245,137,28
22,12,245,137,28
23,12,245,137,28
24,12,245,137,28
25,12,245,137,28
26,12,245,137,28
27,12,245,137,28
28,12,245,137,28
29,12,245,137,28
30,12,245,137,28
31,12,245,137,28
32,12,245,137,28
33,12,245,137,28
34,12,245,137,28
35,12,245,137,28
36,12,245,137,28
37,12,245,137,28
38,12,245,137,28
39,12,245,137,28
40,12,245,137,28
41,12,245,137,28
42,12,245,137,28
43,12,245,137,28
44,12,245,137,28
45,12,245,137,28
46,12,245,137,28
47,12,245,137,28
48,12,245,137,28
49,12,245,137,28
50,12,245,137,28
51,12,245,137,28
52,12,245,137,28
53,12,245,137,28
54,12,245,137,28
55,12,245,137,28
56,12,245,137,28
57,12,245,137,28
58,12,245,137,28
59,12,245,137,28
60,12,245,137,28
61,12,245,137,28
62,12,245,137,28
63,12,245,137,28
0,13,239,130,27
1,13,239,130,27
2,13,239,130,27
3,13,239,130,27
4,13,239,130,27
5,13,239,130,27
6,13,239,130,27
7,13,239,130,27
8,13,239,130,27
9,13,239,130,27
10,13,239,130,27
11,13,239,130,27
12,13,239,130,27
13,13,239,130,27
14,13,239,130,27
15,13,239,130,27
16,13,239,130,27
17,13,239,130,27
18,13,239,130,27
19,13,239,130,27
20,13,239,130,27
21,13,239,130,27
22,13,239,130,27
23,13,239,130,27
24,13,239,130,27
25,13,239,130,27
26,13,239,130,27
27,13,239,130,27
28,13,239,130,27
29,13,239,130,27
30,13,239,130,27
31,13,239,130,27
32,13,239,130,27
33,13,239,130,27
34,13,239,130,27
35,13,239,130,27
36,13,239,130,27
37,13,239,130,27
38,13,239,130,27
39,13,239,130,27
40,13,239,130,27
41,13,239,130,27
42,13,239,130,27
43,13,239,130,27
44,13,239,130,27
45,13,239,130,27
46,13,239,130,27
47,13,239,130,27
48,13,239,130,27
49,13,239,130,27
50,13,239,130,27
51,13,239,130,27
52,13,239,130,27
53,13,239,130,27
54,13,239,130,27
55,13,239,130,27
56,13,239,130,27
57,13,239,130,27
58,13,239,130,27
59,13,239,130,27
60,13,239,130,27
61,13,239,130,27
62,13,239,130,27
63,13,239,130,27
0,14,234,123,26
1,14,234,123,26
2,14,234,123,26
3,14,234,123,26
4,14,234,123,26
5,14,234,123,26
6,14,234,123,26
7,14,234,123,26
8,14,234,123,26
9,14,234,123,26
10,14,234,123,26
11,14,234,123,26
12,14,234,123,26
13,14,234,123,26
14,14,234,123,26
15,14,234,123,26
16,14,234,123,26
17,14,234,123,26
18,14,234,123,26
19,14,234,123,26
20,14,234,123,26
21,14,234,123,26
22,14,234,123,26
23,14,234,123,26
24,14,234,123,26
25,14,234,123,26
26,14,234,123,26
27,14,234,123,26
28,14,234,123,26
29,14,234,123,26
30,14,234,123,26
31,14,234,123,26
32,14,234,123,26
33,14,234,123,26
34,14,234,123,26
35,14,234,123,26
36,14,234,123,26
37,14,234,123,26
38,14,234,123,26
39,14,234,123,26
40,14,234,123,26
41,14,234,123,26
42,14,234,123,26
43,14,234,123,26
44,14,234,123,26
45,14,234,123,26
46,14,234,123,26
47,14,234,123,26
48,14,234,123,26
49,14,234,123,26
50,14,234,123,26
51,14,234,123,26
52,14,234,123,26
53,14,234,123,26
54,14,234,123,26
55,14,234,123,26
56,14,234,123,26
57,14,234,123,26
58,14,234,123,26
59,14,234,123,26
60,14,234,123,26
61,14,234,123,26
62,14,234,123,26
63,14,234,123,26
0,15,228,116,25
1,15,228,116,25
2,15,228,116,25
3,15,228,116,25
4,15,228,116,25
5,15,228,116,25
6,15,228,116,25
7,15,228,116,25
8,15,228,116,25
9,15,228,116,25
10,15,228,116,25
11,15,228,116,25
12,15,228,116,25
13,15,228,116,25
14,15,228,116,25
15,15,228,116,25
16,15,228,116,25
17,15,228,116,25
18,15,228,116,25
19,15,228,116,25
20,15,228,116,25
21,15,228,116,25
22,15,228,116,25
23,15,228,116,25
24,15,228,116,25
25,15,228,116,25
26,15,228,116,25
27,15,228,116,25
28,15,228,116,25
29,15,228,116,25
30,15,228,116,25
31,15,228,116,25
32,15,255,200,50
33,15,228,116,25
34,15,228,116,25
35,15,228,116,25
36,15,228,116,25
37,15,228,116,25
38,15,228,116,25
39,15,228,116,25
40,15,228,116,25
41,15,228,116,25
42,15,228,116,25
43,15,228,116,25
44,15,228,116,25
45,15,228,116,25
46,15,228,116,25
47,15,228,116,25
48,15,228,116,25
49,15,228,116,25
50,15,228,116,25
51,15,228,116,25
52,15,228,116,25
53,15,228,116,25
54,15,228,116,25
55,15,228,116,25
56,15,228,116,25
57,15,228,116,25
58,15,228,116,25
59,15,228,116,25
60,15,228,116,25
61,15,228,116,25
62,15,228,116,25
63,15,228,116,25
0,16,223,109,24
1,16,223,109,24
2,16,223,109,24
3,16,223,109,24
4,16,223,109,24
5,16,223,109,24
6,16,223,109,24
7,16,223,109,24
8,16,223,109,24
9,16,223,109,24
10,16,223,109,24
11,16,223,109,24
12,16,223,109,24
13,16,223,109,24
14,16,223,109,24
15,16,223,109,24
16,16,223,109,24
17,16,223,109,24
18,16,223,109,24
19,16,223,109,24
20,16,223,109,24
21,16,223,109,24
22,16,223,109,24
23,16,223,109,24
24,16,223,109,24
25,16,223,109,24
26,16,223,109,24
27,16,223,109,24
28,16,223,109,24
29,16,223,109,24
30,16,223,109,24
31,16,255,100,0
32,16,255,150,0
33,16,255,100,0
34,16,223,109,24
35,16,223,109,24
36,16,223,109,24
37,16,223,109,24
38,16,223,109,24
39,16,223,109,24
40,16,223,109,24
41,16,223,109,24
42,16,223,109,24
43,16,223,109,24
44,16,223,109,24
45,16,223,109,24
46,16,223,109,24
47,16,223,109,24
48,16,223,109,24
49,16,223,109,24
50,16,223,109,24
51,16,223,109,24
52,16,223,109,24
53,16,223,109,24
54,16,223,109,24
55,16,223,109,24
56,16,223,109,24
57,16,223,109,24
58,16,223,109,24
59,16,223,109,24
60,16,223,109,24
61,16,223,109,24
62,16,223,109,24
63,16,223,109,24
0,17,217,102,23
1,17,217,102,23
2,17,217,102,23
3,17,217,102,23
4,17,217,102,23
5,17,217,102,23
6,17,217,102,23
7,17,217,102,23
8,17,255,200,50
9,17,217,102,23
10,17,217,102,23
11,17,217,102,23
12,17,217,102,23
13,17,217,102,23
14,17,217,102,23
15,17,217,102,23
16,17,217,102,23
17,17,217,102,23
18,17,217,102,23
19,17,217,102,23
20,17,217,102,23
21,17,217,102,23
22,17,217,102,23
23,17,217,102,23
24,17,217,102,23
25,17,217,102,23
26,17,217,102,23
27,17,217,102,23
28,17,217,102,23
29,17,217,102,23
30,17,255,150,0
31,17,255,150,0
32,17,255,150,0
33,17,255,150,0
34,17,255,150,0
35,17,217,102,23
36,17,217,102,23
37,17,217,102,23
38,17,217,102,23
39,17,217,102,23
40,17,217,102,23
41,17,217,102,23
42,17,217,102,23
43,17,217,102,23
44,17,217,102,23
45,17,217,102,23
46,17,217,102,23
47,17,217,102,23
48,17,217,102,23
49,17,217,102,23
50,17,217,102,23
51,17,217,102,23
52,17,217,102,23
53,17,217,102,23
54,17,217,102,23
55,17,217,102,23
56,17,217,102,23
57,17,217,102,23
58,17,217,102,23
59,17,217,102,23
60,17,217,102,23
61,17,217,102,23
62,17,217,102,23
63,17,217,102,23
0,18,212,95,22
1,18,212,95,22
2,18,212,95,22
3,18,212,95,22
4,18,212,95,22
5,18,255,200,50
6,18,255,200,50
7,18,255,200,50
8,18,255,200,50
9,18,255,200,50
10,18,255,200,50
11,18,255,200,50
12,18,212,95,22
13,18,212,95,22
14,18,212,95,22
15,18,212,95,22
16,18,212,95,22
17,18,212,95,22
18,18,212,95,22
19,18,212,95,22
20,18,212,95,22
21,18,212,95,22
22,18,212,95,22
23,18,212,95,22
24,18,212,95,22
25,18,212,95,22
26,18,212,95,22
27,18,212,95,22
28,18,180,140,70
29,18,180,140,70
30,18,180,140,70
31,18,255,150,0
32,18,255,150,0
33,18,255,150,0
34,18,180,140,70
35,18,180,140,70
36,18,212,95,22
37,18,212,95,22
38,18,212,95,22
39,18,212,95,22
40,18,212,95,22
41,18,212,95,22
42,18,212,95,22
43,18,212,95,22
44,18,212,95,22
45,18,212,95,22
46,18,212,95,22
47,18,212,95,22
48,18,212,95,22
49,18,212,95,22
50,18,212,95,22
51,18,212,95,22
52,18,212,95,22
53,18,212,95,22
54,18,212,95,22
55,18,212,95,22
56,18,212,95,22
57,18,212,95,22
58,18,212,95,22
59,18,212,95,22
60,18,212,95,22
61,18,212,95,22
62,18,212,95,22
63,18,212,95,22
0,19,206,88,21
1,19,206,88,21
2,19,206,88,21
3,19,206,88,21
4,19,255,200,50
5,19,255,200,50
6,19,255,200,50
7,19,255,200,50
8,19,255,240,100
9,19,255,200,50
10,19,255,200,50
11,19,255,200,50
12,19,255,200,50
13,19,206,88,21
14,19,206,88,21
15,19,206,88,21
16,19,206,88,21
17,19,206,88,21
18,19,206,88,21
19,19,206,88,21
20,19,206,88,21
21,19,206,88,21
22,19,206,88,21
23,19,206,88,21
24,19,206,88,21
25,19,206,88,21
26,19,206,88,21
27,19,206,88,21
28,19,180,140,70
29,19,180,140,70
30,19,180,140,70
31,19,180,140,70
32,19,255,150,0
33,19,180,140,70
34,19,180,140,70
35,19,180,140,70
36,19,206,88,21
37,19,206,88,21
38,19,206,88,21
39,19,206,88,21
40,19,206,88,21
41,19,206,88,21
42,19,206,88,21
43,19,206,88,21
44,19,206,88,21
45,19,206,88,21
46,19,206,88,21
47,19,206,88,21
48,19,206,88,21
49,19,206,88,21
50,19,206,88,21
51,19,206,88,21
52,19,206,88,21
53,19,206,88,21
54,19,206,88,21
55,19,206,88,21
56,19,206,88,21
57,19,206,88,21
58,19,206,88,21
59,19,206,88,21
60,19,206,88,21
61,19,206,88,21
62,19,206,88,21
63,19,206,88,21
0,20,201,81,20
1,20,201,81,20
2,20,201,81,20
3,20,255,200,50
4,20,255,200,50
5,20,255,240,100
6,20,255,240,100
7,20,255,240,100
8,20,255,240,100
9,20,255,240,100
10,20,255,240,100
11,20,255,240,100
12,20,255,200,50
13,20,255,200,50
14,20,201,81,20
15,20,201,81,20
16,20,201,81,20
17,20,201,81,20
18,20,201,81,20
19,20,201,81,20
20,20,201,81,20
21,20,201,81,20
22,20,201,81,20
23,20,201,81,20
24,20,201,81,20
25,20,201,81,20
26,20,201,81,20
27,20,201,81,20
28,20,180,140,70
29,20,180,140,70
30,20,40,20,10
31,20,40,20,10
32,20,60,30,15
33,20,40,20,10
34,20,180,140,70
35,20,180,140,70
36,20,201,81,20
37,20,201,81,20
38,20,201,81,20
39,20,201,81,20
40,20,201,81,20
41,20,201,81,20
42,20,201,81,20
43,20,201,81,20
44,20,201,81,20
45,20,201,81,20
46,20,201,81,20
47,20,201,81,20
48,20,201,81,20
49,20,201,81,20
50,20,201,81,20
51,20,201,81,20
52,20,201,81,20
53,20,201,81,20
54,20,201,81,20
55,20,201,81,20
56,20,201,81,20
57,20,201,81,20
58,20,201,81,20
59,20,201,81,20
60,20,201,81,20
61,20,201,81,20
62,20,201,81,20
63,20,201,81,20
0,21,192,77,19
1,21,192,77,19
2,21,255,200,50
3,21,255,200,50
4,21,255,240,100
5,21,255,240,100
6,21,255,240,100
7,21,255,240,100
8,21,255,240,100
9,21,255,240,100
10,21,255,240,100
11,21,255,240,100
12,21,255,240,100
13,21,255,200,50
14,21,255,200,50
15,21,192,77,19
16,21,192,77,19
17,21,192,77,19
18,21,192,77,19
19,21,192,77,19
20,21,192,77,19
21,21,192,77,19
22,21,192,77,19
23,21,192,77,19
24,21,192,77,19
25,21,192,77,19
26,21,192,77,19
27,21,192,77,19
28,21,180,140,70
29,21,180,140,70
30,21,40,20,10
31,21,40,20,10
32,21,60,30,15
33,21,40,20,10
34,21,180,140,70
35,21,180,140,70
36,21,192,77,19
37,21,192,77,19
38,21,192,77,19
39,21,192,77,19
40,21,192,77,19
41,21,192,77,19
42,21,192,77,19
43,21,192,77,19
44,21,192,77,19
45,21,192,77,19
46,21,192,77,19
47,21,192,77,19
48,21,192,77,19
49,21,192,77,19
50,21,192,77,19
51,21,192,77,19
52,21,192,77,19
53,21,192,77,19
54,21,192,77,19
55,21,192,77,19
56,21,192,77,19
57,21,192,77,19
58,21,192,77,19
59,21,192,77,19
60,21,192,77,19
61,21,192,77,19
62,21,192,77,19
63,21,192,77,19
0,22,184,73,19
1,22,184,73,19
2,22,255,200,50
3,22,255,200,50
4,22,255,240,100
5,22,255,240,100
6,22,255,240,100
7,22,255,240,100
8,22,255,240,100
9,22,255,240,100
10,22,255,240,100
11,22,255,240,100
12,22,255,240,100
13,22,255,200,50
14,22,255,200,50
15,22,184,73,19
16,22,184,73,19
17,22,184,73,19
18,22,184,73,19
19,22,184,73,19
20,22,184,73,19
21,22,184,73,19
22,22,184,73,19
23,22,184,73,19
24,22,184,73,19
25,22,184,73,19
26,22,184,73,19
27,22,184,73,19
28,22,180,140,70
29,22,180,140,70
30,22,40,20,10
31,22,40,20,10
32,22,60,30,15
33,22,40,20,10
34,22,180,140,70
35,22,180,140,70
36,22,184,73,19
37,22,184,73,19
38,22,184,73,19
39,22,184,73,19
40,22,184,73,19
41,22,184,73,19
42,22,184,73,19
43,22,184,73,19
44,22,184,73,19
45,22,184,73,19
46,22,184,73,19
47,22,184,73,19
48,22,184,73,19
49,22,184,73,19
50,22,184,73,19
51,22,184,73,19
52,22,184,73,19
53,22,184,73,19
54,22,184,73,19
55,22,184,73,19
56,22,184,73,19
57,22,184,73,19
58,22,184,73,19
59,22,184,73,19
60,22,184,73,19
61,22,184,73,19
62,22,184,73,19
63,22,184,73,19
0,23,175,69,18
1,23,175,69,18
2,23,255,200,50
3,23,255,200,50
4,23,255,240,100
5,23,255,240,100
6,23,255,240,100
7,23,255,240,100
8,23,255,240,100
9,23,255,240,100
10,23,255,240,100
11,23,255,240,100
12,23,255,240,100
13,23,255,200,50
14,23,255,200,50
15,23,175,69,18
16,23,175,69,18
17,23,175,69,18
18,23,175,69,18
19,23,175,69,18
20,23,175,69,18
21,23,175,69,18
22,23,175,69,18
23,23,175,69,18
24,23,175,69,18
25,23,175,69,18
26,23,175,69,18
27,23,175,69,18
28,23,175,69,18
29,23,175,69,18
30,23,40,20,10
31,23,40,20,10
32,23,60,30,15
33,23,40,20,10
34,23,175,69,18
35,23,175,69,18
36,23,175,69,18
37,23,175,69,18
38,23,175,69,18
39,23,175,69,18
40,23,175,69,18
41,23,175,69,18
42,23,175,69,18
43,23,175,69,18
44,23,175,69,18
45,23,175,69,18
46,23,175,69,18
47,23,175,69,18
48,23,175,69,18
49,23,175,69,18
50,23,175,69,18
51,23,175,69,18
52,23,175,69,18
53,23,175,69,18
54,23,175,69,18
55,23,175,69,18
56,23,175,69,18
57,23,30,70,20
58,23,175,69,18
59,23,175,69,18
60,23,175,69,18
61,23,175,69,18
62,23,175,69,18
63,23,30,70,20
0,24,166,66,17
1,24,255,200,50
2,24,255,200,50
3,24,255,240,100
4,24,255,240,100
5,24,255,240,100
6,24,255,240,100
7,24,255,240,100
8,24,255,240,100
9,24,255,240,100
10,24,255,240,100
11,24,255,240,100
12,24,255,240,100
13,24,255,240,100
14,24,255,200,50
15,24,255,200,50
16,24,166,66,17
17,24,166,66,17
18,24,166,66,17
19,24,166,66,17
20,24,166,66,17
21,24,166,66,17
22,24,166,66,17
23,24,166,66,17
24,24,166,66,17
25,24,166,66,17
26,24,166,66,17
27,24,166,66,17
28,24,166,66,17
29,24,166,66,17
30,24,100,70,30
31,24,100,70,30
32,24,100,70,30
33,24,100,70,30
34,24,166,66,17
35,24,166,66,17
36,24,166,66,17
37,24,166,66,17
38,24,166,66,17
39,24,166,66,17
40,24,166,66,17
41,24,166,66,17
42,24,166,66,17
43,24,166,66,17
44,24,166,66,17
45,24,166,66,17
46,24,166,66,17
47,24,166,66,17
48,24,166,66,17
49,24,166,66,17
50,24,166,66,17
51,24,166,66,17
52,24,166,66,17
53,24,166,66,17
54,24,166,66,17
55,24,166,66,17
56,24,166,66,17
57,24,166,66,17
58,24,30,70,20
59,24,166,66,17
60,24,166,66,17
61,24,166,66,17
62,24,30,70,20
63,24,166,66,17
0,25,157,62,16
1,25,30,70,20
2,25,255,200,50
3,25,255,200,50
4,25,255,240,100
5,25,255,240,100
6,25,255,240,100
7,25,30,70,20
8,25,255,240,100
9,25,255,240,100
10,25,255,240,100
11,25,255,240,100
12,25,255,240,100
13,25,255,200,50
14,25,255,200,50
15,25,157,62,16
16,25,157,62,16
17,25,157,62,16
18,25,157,62,16
19,25,157,62,16
20,25,157,62,16
21,25,157,62,16
22,25,157,62,16
23,25,157,62,16
24,25,157,62,16
25,25,157,62,16
26,25,157,62,16
27,25,157,62,16
28,25,157,62,16
29,25,157,62,16
30,25,100,70,30
31,25,100,70,30
32,25,100,70,30
33,25,100,70,30
34,25,157,62,16
35,25,157,62,16
36,25,157,62,16
37,25,157,62,16
38,25,157,62,16
39,25,157,62,16
40,25,157,62,16
41,25,157,62,16
42,25,157,62,16
43,25,157,62,16
44,25,157,62,16
45,25,157,62,16
46,25,157,62,16
47,25,157,62,16
48,25,157,62,16
49,25,157,62,16
50,25,157,62,16
51,25,157,62,16
52,25,157,62,16
53,25,157,62,16
54,25,157,62,16
55,25,30,70,20
56,25,157,62,16
57,25,157,62,16
58,25,30,70,20
59,25,157,62,16
60,25,157,62,16
61,25,157,62,16
62,25,30,70,20
63,25,157,62,16
0,26,148,58,16
1,26,148,58,16
2,26,30,70,20
3,26,255,200,50
4,26,255,240,100
5,26,255,240,100
6,26,30,70,20
7,26,255,240,100
8,26,255,240,100
9,26,255,240,100
10,26,255,240,100
11,26,255,240,100
12,26,255,240,100
13,26,255,200,50
14,26,255,200,50
15,26,148,58,16
16,26,148,58,16
17,26,148,58,16
18,26,148,58,16
19,26,148,58,16
20,26,148,58,16
21,26,148,58,16
22,26,148,58,16
23,26,148,58,16
24,26,148,58,16
25,26,148,58,16
26,26,148,58,16
27,26,155,115,60
28,26,155,115,60
29,26,180,140,70
30,26,100,70,30
31,26,100,70,30
32,26,100,70,30
33,26,100,70,30
34,26,155,115,60
35,26,155,115,60
36,26,155,115,60
37,26,148,58,16
38,26,148,58,16
39,26,148,58,16
40,26,148,58,16
41,26,148,58,16
42,26,148,58,16
43,26,148,58,16
44,26,148,58,16
45,26,148,58,16
46,26,148,58,16
47,26,148,58,16
48,26,148,58,16
49,26,148,58,16
50,26,148,58,16
51,26,148,58,16
52,26,148,58,16
53,26,148,58,16
54,26,148,58,16
55,26,148,58,16
56,26,30,70,20
57,26,30,70,20
58,26,148,58,16
59,26,30,70,20
60,26,148,58,16
61,26,30,70,20
62,26,148,58,16
63,26,30,70,20
0,27,139,55,15
1,27,139,55,15
2,27,30,70,20
3,27,255,200,50
4,27,255,240,100
5,27,255,240,100
6,27,30,70,20
7,27,255,240,100
8,27,255,240,100
9,27,30,70,20
10,27,255,240,100
11,27,255,240,100
12,27,255,240,100
13,27,255,200,50
14,27,255,200,50
15,27,139,55,15
16,27,139,55,15
17,27,139,55,15
18,27,139,55,15
19,27,139,55,15
20,27,139,55,15
21,27,139,55,15
22,27,139,55,15
23,27,139,55,15
24,27,139,55,15
25,27,139,55,15
26,27,139,55,15
27,27,115,83,38
28,27,115,83,38
29,27,115,83,38
30,27,115,83,38
31,27,115,83,38
32,27,115,83,38
33,27,115,83,38
34,27,115,83,38
35,27,115,83,38
36,27,115,83,38
37,27,139,55,15
38,27,139,55,15
39,27,139,55,15
40,27,139,55,15
41,27,139,55,15
42,27,139,55,15
43,27,139,55,15
44,27,139,55,15
45,27,139,55,15
46,27,139,55,15
47,27,139,55,15
48,27,139,55,15
49,27,139,55,15
50,27,139,55,15
51,27,139,55,15
52,27,139,55,15
53,27,30,70,20
54,27,30,70,20
55,27,139,55,15
56,27,30,70,20
57,27,139,55,15
58,27,30,70,20
59,27,30,70,20
60,27,139,55,15
61,27,30,70,20
62,27,30,70,20
63,27,139,55,15
0,28,30,70,20
1,28,30,70,20
2,28,130,51,14
3,28,30,70,20
4,28,255,200,50
5,28,30,70,20
6,28,255,240,100
7,28,30,70,20
8,28,30,70,20
9,28,255,240,100
10,28,255,240,100
11,28,255,240,100
12,28,255,200,50
13,28,255,200,50
14,28,130,51,14
15,28,130,51,14
16,28,130,51,14
17,28,130,51,14
18,28,130,51,14
19,28,130,51,14
20,28,130,51,14
21,28,130,51,14
22,28,130,51,14
23,28,130,51,14
24,28,130,51,14
25,28,130,51,14
26,28,130,51,14
27,28,115,83,38
28,28,115,83,38
29,28,115,83,38
30,28,115,83,38
31,28,115,83,38
32,28,115,83,38
33,28,115,83,38
34,28,115,83,38
35,28,115,83,38
36,28,115,83,38
37,28,130,51,14
38,28,130,51,14
39,28,130,51,14
40,28,130,51,14
41,28,130,51,14
42,28,130,51,14
43,28,130,51,14
44,28,130,51,14
45,28,130,51,14
46,28,130,51,14
47,28,130,51,14
48,28,130,51,14
49,28,130,51,14
50,28,130,51,14
51,28,130,51,14
52,28,130,51,14
53,28,130,51,14
54,28,130,51,14
55,28,130,51,14
56,28,130,51,14
57,28,30,70,20
58,28,130,51,14
59,28,30,70,20
60,28,30,70,20
61,28,30,70,20
62,28,130,51,14
63,28,30,70,20
0,29,30,70,20
1,29,121,47,13
2,29,30,70,20
3,29,30,70,20
4,29,255,200,50
5,29,30,70,20
6,29,30,70,20
7,29,255,200,50
8,29,30,70,20
9,29,255,200,50
10,29,30,70,20
11,29,30,70,20
12,29,255,200,50
13,29,121,47,13
14,29,121,47,13
15,29,121,47,13
16,29,121,47,13
17,29,121,47,13
18,29,121,47,13
19,29,121,47,13
20,29,121,47,13
21,29,121,47,13
22,29,121,47,13
23,29,121,47,13
24,29,121,47,13
25,29,121,47,13
26,29,121,47,13
27,29,115,83,38
28,29,115,83,38
29,29,115,83,38
30,29,115,83,38
31,29,115,83,38
32,29,115,83,38
33,29,115,83,38
34,29,115,83,38
35,29,115,83,38
36,29,115,83,38
37,29,121,47,13
38,29,121,47,13
39,29,121,47,13
40,29,121,47,13
41,29,121,47,13
42,29,121,47,13
43,29,121,47,13
44,29,121,47,13
45,29,121,47,13
46,29,121,47,13
47,29,121,47,13
48,29,121,47,13
49,29,121,47,13
50,29,121,47,13
51,29,121,47,13
52,29,121,47,13
53,29,121,47,13
54,29,121,47,13
55,29,121,47,13
56,29,121,47,13
57,29,121,47,13
58,29,121,47,13
59,29,121,47,13
60,29,40,25,10
61,29,121,47,13
62,29,121,47,13
63,29,121,47,13
0,30,112,43,13
1,30,30,70,20
2,30,112,43,13
3,30,30,70,20
4,30,30,70,20
5,30,30,70,20
6,30,255,200,50
7,30,30,70,20
8,30,255,200,50
9,30,255,200,50
10,30,255,200,50
11,30,255,200,50
12,30,112,43,13
13,30,112,43,13
14,30,112,43,13
15,30,112,43,13
16,30,112,43,13
17,30,112,43,13
18,30,112,43,13
19,30,112,43,13
20,30,112,43,13
21,30,112,43,13
22,30,112,43,13
23,30,112,43,13
24,30,170,130,70
25,30,170,130,70
26,30,180,140,70
27,30,115,83,38
28,30,115,83,38
29,30,115,83,38
30,30,115,83,38
31,30,115,83,38
32,30,115,83,38
33,30,115,83,38
34,30,115,83,38
35,30,115,83,38
36,30,115,83,38
37,30,170,130,70
38,30,170,130,70
39,30,170,130,70
40,30,112,43,13
41,30,112,43,13
42,30,112,43,13
43,30,112,43,13
44,30,112,43,13
45,30,112,43,13
46,30,112,43,13
47,30,112,43,13
48,30,112,43,13
49,30,112,43,13
50,30,112,43,13
51,30,112,43,13
52,30,112,43,13
53,30,112,43,13
54,30,112,43,13
55,30,112,43,13
56,30,112,43,13
57,30,112,43,13
58,30,112,43,13
59,30,112,43,13
60,30,40,25,10
61,30,112,43,13
62,30,112,43,13
63,30,112,43,13
0,31,103,40,12
1,31,103,40,12
2,31,103,40,12
3,31,103,40,12
4,31,40,25,10
5,31,103,40,12
6,31,103,40,12
7,31,103,40,12
8,31,255,200,50
9,31,103,40,12
10,31,103,40,12
11,31,103,40,12
12,31,103,40,12
13,31,103,40,12
14,31,103,40,12
15,31,103,40,12
16,31,103,40,12
17,31,103,40,12
18,31,103,40,12
19,31,103,40,12
20,31,103,40,12
21,31,103,40,12
22,31,103,40,12
23,31,103,40,12
24,31,130,95,45
25,31,130,95,45
26,31,130,95,45
27,31,130,95,45
28,31,130,95,45
29,31,130,95,45
30,31,130,95,45
31,31,130,95,45
32,31,130,95,45
33,31,130,95,45
34,31,130,95,45
35,31,130,95,45
36,31,130,95,45
37,31,130,95,45
38,31,130,95,45
39,31,130,95,45
40,31,103,40,12
41,31,103,40,12
42,31,103,40,12
43,31,103,40,12
44,31,103,40,12
45,31,103,40,12
46,31,103,40,12
47,31,103,40,12
48,31,103,40,12
49,31,103,40,12
50,31,103,40,12
51,31,103,40,12
52,31,103,40,12
53,31,103,40,12
54,31,103,40,12
55,31,103,40,12
56,31,103,40,12
57,31,103,40,12
58,31,103,40,12
59,31,103,40,12
60,31,40,25,10
61,31,103,40,12
62,31,103,40,12
63,31,103,40,12
0,32,94,36,11
1,32,94,36,11
2,32,94,36,11
3,32,94,36,11
4,32,40,25,10
5,32,94,36,11
6,32,94,36,11
7,32,94,36,11
8,32,94,36,11
9,32,94,36,11
10,32,94,36,11
11,32,94,36,11
12,32,94,36,11
13,32,94,36,11
14,32,94,36,11
15,32,94,36,11
16,32,94,36,11
17,32,94,36,11
18,32,94,36,11
19,32,94,36,11
20,32,94,36,11
21,32,94,36,11
22,32,94,36,11
23,32,94,36,11
24,32,130,95,45
25,32,130,95,45
26,32,130,95,45
27,32,130,95,45
28,32,130,95,45
29,32,130,95,45
30,32,130,95,45
31,32,130,95,45
32,32,130,95,45
33,32,130,95,45
34,32,130,95,45
35,32,130,95,45
36,32,130,95,45
37,32,130,95,45
38,32,130,95,45
39,32,130,95,45
40,32,94,36,11
41,32,94,36,11
42,32,94,36,11
43,32,94,36,11
44,32,94,36,11
45,32,94,36,11
46,32,94,36,11
47,32,94,36,11
48,32,94,36,11
49,32,94,36,11
50,32,94,36,11
51,32,94,36,11
52,32,94,36,11
53,32,94,36,11
54,32,94,36,11
55,32,94,36,11
56,32,94,36,11
57,32,94,36,11
58,32,94,36,11
59,32,94,36,11
60,32,40,25,10
61,32,94,36,11
62,32,94,36,11
63,32,94,36,11
0,33,85,32,10
1,33,85,32,10
2,33,85,32,10
3,33,85,32,10
4,33,40,25,10
5,33,85,32,10
6,33,85,32,10
7,33,85,32,10
8,33,85,32,10
9,33,85,32,10
10,33,85,32,10
11,33,85,32,10
12,33,85,32,10
13,33,85,32,10
14,33,85,32,10
15,33,85,32,10
16,33,85,32,10
17,33,85,32,10
18,33,85,32,10
19,33,85,32,10
20,33,85,32,10
21,33,85,32,10
22,33,85,32,10
23,33,85,32,10
24,33,130,95,45
25,33,130,95,45
26,33,130,95,45
27,33,130,95,45
28,33,130,95,45
29,33,130,95,45
30,33,130,95,45
31,33,130,95,45
32,33,130,95,45
33,33,130,95,45
34,33,130,95,45
35,33,130,95,45
36,33,130,95,45
37,33,130,95,45
38,33,130,95,45
39,33,130,95,45
40,33,85,32,10
41,33,85,32,10
42,33,85,32,10
43,33,85,32,10
44,33,85,32,10
45,33,85,32,10
46,33,85,32,10
47,33,85,32,10
48,33,85,32,10
49,33,85,32,10
50,33,85,32,10
51,33,85,32,10
52,33,85,32,10
53,33,85,32,10
54,33,85,32,10
55,33,85,32,10
56,33,85,32,10
57,33,85,32,10
58,33,85,32,10
59,33,85,32,10
60,33,40,25,10
61,33,85,32,10
62,33,85,32,10
63,33,85,32,10
0,34,60,40,20
1,34,60,40,20
2,34,60,40,20
3,34,60,40,20
4,34,40,25,10
5,34,60,40,20
6,34,60,40,20
7,34,60,40,20
8,34,60,40,20
9,34,60,40,20
10,34,60,40,20
11,34,60,40,20
12,34,60,40,20
13,34,60,40,20
14,34,60,40,20
15,34,60,40,20
16,34,60,40,20
17,34,60,40,20
18,34,60,40,20
19,34,60,40,20
20,34,60,40,20
21,34,185,145,80
22,34,185,145,80
23,34,180,140,70
24,34,130,95,45
25,34,130,95,45
26,34,130,95,45
27,34,130,95,45
28,34,130,95,45
29,34,130,95,45
30,34,130,95,45
31,34,130,95,45
32,34,130,95,45
33,34,130,95,45
34,34,130,95,45
35,34,130,95,45
36,34,130,95,45
37,34,130,95,45
38,34,130,95,45
39,34,130,95,45
40,34,185,145,80
41,34,185,145,80
42,34,185,145,80
43,34,60,40,20
44,34,60,40,20
45,34,60,40,20
46,34,60,40,20
47,34,60,40,20
48,34,60,40,20
49,34,60,40,20
50,34,60,40,20
51,34,60,40,20
52,34,60,40,20
53,34,60,40,20
54,34,60,40,20
55,34,60,40,20
56,34,60,40,20
57,34,60,40,20
58,34,60,40,20
59,34,60,40,20
60,34,40,25,10
61,34,60,40,20
62,34,60,40,20
63,34,60,40,20
0,35,60,40,20
1,35,60,40,20
2,35,60,40,20
3,35,60,40,20
4,35,40,25,10
5,35,60,40,20
6,35,60,40,20
7,35,60,40,20
8,35,60,40,20
9,35,60,40,20
10,35,60,40,20
11,35,60,40,20
12,35,60,40,20
13,35,60,40,20
14,35,60,40,20
15,35,60,40,20
16,35,60,40,20
17,35,60,40,20
18,35,60,40,20
19,35,60,40,20
20,35,60,40,20
21,35,145,108,53
22,35,145,108,53
23,35,145,108,53
24,35,145,108,53
25,35,145,108,53
26,35,145,108,53
27,35,145,108,53
28,35,145,108,53
29,35,145,108,53
30,35,145,108,53
31,35,145,108,53
32,35,145,108,53
33,35,145,108,53
34,35,145,108,53
35,35,145,108,53
36,35,145,108,53
37,35,145,108,53
38,35,145,108,53
39,35,145,108,53
40,35,145,108,53
41,35,145,108,53
42,35,145,108,53
43,35,60,40,20
44,35,60,40,20
45,35,60,40,20
46,35,60,40,20
47,35,60,40,20
48,35,60,40,20
49,35,60,40,20
50,35,60,40,20
51,35,60,40,20
52,35,60,40,20
53,35,60,40,20
54,35,60,40,20
55,35,60,40,20
56,35,60,40,20
57,35,60,40,20
58,35,60,40,20
59,35,60,40,20
60,35,40,25,10
61,35,60,40,20
62,35,60,40,20
63,35,60,40,20
0,36,60,40,20
1,36,60,40,20
2,36,60,40,20
3,36,60,40,20
4,36,40,25,10
5,36,60,40,20
6,36,60,40,20
7,36,60,40,20
8,36,60,40,20
9,36,60,40,20
10,36,60,40,20
11,36,60,40,20
12,36,60,40,20
13,36,60,40,20
14,36,60,40,20
15,36,60,40,20
16,36,60,40,20
17,36,60,40,20
18,36,60,40,20
19,36,60,40,20
20,36,60,40,20
21,36,145,108,53
22,36,145,108,53
23,36,145,108,53
24,36,145,108,53
25,36,145,108,53
26,36,145,108,53
27,36,145,108,53
28,36,145,108,53
29,36,145,108,53
30,36,145,108,53
31,36,145,108,53
32,36,145,108,53
33,36,145,108,53
34,36,145,108,53
35,36,145,108,53
36,36,145,108,53
37,36,145,108,53
38,36,145,108,53
39,36,145,108,53
40,36,145,108,53
41,36,145,108,53
42,36,145,108,53
43,36,60,40,20
44,36,60,40,20
45,36,60,40,20
46,36,60,40,20
47,36,60,40,20
48,36,60,40,20
49,36,60,40,20
50,36,60,40,20
51,36,60,40,20
52,36,60,40,20
53,36,60,40,20
54,36,60,40,20
55,36,60,40,20
56,36,60,40,20
57,36,60,40,20
58,36,60,40,20
59,36,60,40,20
60,36,40,25,10
61,36,60,40,20
62,36,60,40,20
63,36,60,40,20
0,37,60,40,20
1,37,60,40,20
2,37,60,40,20
3,37,60,40,20
4,37,40,25,10
5,37,60,40,20
6,37,60,40,20
7,37,60,40,20
8,37,60,40,20
9,37,60,40,20
10,37,60,40,20
11,37,60,40,20
12,37,60,40,20
13,37,60,40,20
14,37,60,40,20
15,37,60,40,20
16,37,60,40,20
17,37,60,40,20
18,37,60,40,20
19,37,60,40,20
20,37,60,40,20
21,37,145,108,53
22,37,145,108,53
23,37,145,108,53
24,37,145,108,53
25,37,145,108,53
26,37,145,108,53
27,37,145,108,53
28,37,145,108,53
29,37,145,108,53
30,37,145,108,53
31,37,145,108,53
32,37,145,108,53
33,37,145,108,53
34,37,145,108,53
35,37,145,108,53
36,37,145,108,53
37,37,145,108,53
38,37,145,108,53
39,37,145,108,53
40,37,145,108,53
41,37,145,108,53
42,37,145,108,53
43,37,60,40,20
44,37,60,40,20
45,37,60,40,20
46,37,60,40,20
47,37,60,40,20
48,37,60,40,20
49,37,60,40,20
50,37,60,40,20
51,37,60,40,20
52,37,60,40,20
53,37,60,40,20
54,37,60,40,20
55,37,60,40,20
56,37,60,40,20
57,37,60,40,20
58,37,60,40,20
59,37,60,40,20
60,37,40,25,10
61,37,60,40,20
62,37,60,40,20
63,37,60,40,20
0,38,60,40,20
1,38,60,40,20
2,38,60,40,20
3,38,60,40,20
4,38,40,25,10
5,38,60,40,20
6,38,60,40,20
7,38,60,40,20
8,38,60,40,20
9,38,60,40,20
10,38,60,40,20
11,38,60,40,20
12,38,60,40,20
13,38,60,40,20
14,38,60,40,20
15,38,60,40,20
16,38,60,40,20
17,38,60,40,20
18,38,200,160,90
19,38,200,160,90
20,38,180,140,70
21,38,145,108,53
22,38,145,108,53
23,38,145,108,53
24,38,145,108,53
25,38,145,108,53
26,38,145,108,53
27,38,145,108,53
28,38,145,108,53
29,38,145,108,53
30,38,145,108,53
31,38,145,108,53
32,38,145,108,53
33,38,145,108,53
34,38,145,108,53
35,38,145,108,53
36,38,145,108,53
37,38,145,108,53
38,38,145,108,53
39,38,145,108,53
40,38,145,108,53
41,38,145,108,53
42,38,145,108,53
43,38,200,160,90
44,38,200,160,90
45,38,200,160,90
46,38,60,40,20
47,38,60,40,20
48,38,60,40,20
49,38,60,40,20
50,38,60,40,20
51,38,60,40,20
52,38,60,40,20
53,38,60,40,20
54,38,60,40,20
55,38,60,40,20
56,38,60,40,20
57,38,60,40,20
58,38,60,40,20
59,38,60,40,20
60,38,60,40,20
61,38,60,40,20
62,38,60,40,20
63,38,60,40,20
0,39,60,40,20
1,39,60,40,20
2,39,60,40,20
3,39,60,40,20
4,39,40,25,10
5,39,60,40,20
6,39,60,40,20
7,39,60,40,20
8,39,60,40,20
9,39,60,40,20
10,39,60,40,20
11,39,60,40,20
12,39,60,40,20
13,39,60,40,20
14,39,60,40,20
15,39,60,40,20
16,39,60,40,20
17,39,60,40,20
18,39,160,120,60
19,39,180,140,60
20,39,160,120,60
21,39,160,120,60
22,39,180,140,60
23,39,160,120,60
24,39,160,120,60
25,39,160,120,60
26,39,160,120,60
27,39,160,120,60
28,39,160,120,60
29,39,160,120,60
30,39,160,120,60
31,39,160,120,60
32,39,160,120,60
33,39,160,120,60
34,39,160,120,60
35,39,160,120,60
36,39,160,120,60
37,39,160,120,60
38,39,160,120,60
39,39,160,120,60
40,39,160,120,60
41,39,160,120,60
42,39,160,120,60
43,39,180,140,60
44,39,160,120,60
45,39,160,120,60
46,39,180,140,60
47,39,60,40,20
48,39,60,40,20
49,39,60,40,20
50,39,60,40,20
51,39,60,40,20
52,39,60,40,20
53,39,60,40,20
54,39,60,40,20
55,39,60,40,20
56,39,60,40,20
57,39,60,40,20
58,39,60,40,20
59,39,60,40,20
60,39,60,40,20
61,39,60,40,20
62,39,60,40,20
63,39,60,40,20
0,40,60,40,20
1,40,60,40,20
2,40,60,40,20
3,40,60,40,20
4,40,60,40,20
5,40,60,40,20
6,40,60,40,20
7,40,60,40,20
8,40,60,40,20
9,40,60,40,20
10,40,60,40,20
11,40,60,40,20
12,40,60,40,20
13,40,60,40,20
14,40,60,40,20
15,40,60,40,20
16,40,60,40,20
17,40,60,40,20
18,40,160,120,60
19,40,200,160,80
20,40,200,160,80
21,40,160,120,60
22,40,200,160,80
23,40,200,160,80
24,40,160,120,60
25,40,160,120,60
26,40,160,120,60
27,40,160,120,60
28,40,160,120,60
29,40,160,120,60
30,40,160,120,60
31,40,160,120,60
32,40,160,120,60
33,40,160,120,60
34,40,160,120,60
35,40,160,120,60
36,40,160,120,60
37,40,160,120,60
38,40,160,120,60
39,40,160,120,60
40,40,160,120,60
41,40,160,120,60
42,40,160,120,60
43,40,200,160,80
44,40,200,160,80
45,40,160,120,60
46,40,200,160,80
47,40,200,160,80
48,40,60,40,20
49,40,60,40,20
50,40,60,40,20
51,40,60,40,20
52,40,60,40,20
53,40,60,40,20
54,40,60,40,20
55,40,60,40,20
56,40,60,40,20
57,40,60,40,20
58,40,60,40,20
59,40,60,40,20
60,40,60,40,20
61,40,60,40,20
62,40,60,40,20
63,40,60,40,20
0,41,60,40,20
1,41,60,40,20
2,41,60,40,20
3,41,60,40,20
4,41,60,40,20
5,41,60,40,20
6,41,60,40,20
7,41,60,40,20
8,41,20,40,10
9,41,20,40,10
10,41,20,40,10
11,41,20,40,10
12,41,20,40,10
13,41,60,40,20
14,41,60,40,20
15,41,60,40,20
16,41,60,40,20
17,41,60,40,20
18,41,160,120,60
19,41,160,120,60
20,41,160,120,60
21,41,160,120,60
22,41,160,120,60
23,41,160,120,60
24,41,160,120,60
25,41,160,120,60
26,41,160,120,60
27,41,160,120,60
28,41,160,120,60
29,41,160,120,60
30,41,160,120,60
31,41,160,120,60
32,41,160,120,60
33,41,160,120,60
34,41,160,120,60
35,41,160,120,60
36,41,160,120,60
37,41,160,120,60
38,41,160,120,60
39,41,160,120,60
40,41,160,120,60
41,41,160,120,60
42,41,160,120,60
43,41,160,120,60
44,41,160,120,60
45,41,160,120,60
46,41,60,40,20
47,41,60,40,20
48,41,60,40,20
49,41,60,40,20
50,41,60,40,20
51,41,60,40,20
52,41,60,40,20
53,41,60,40,20
54,41,20,40,10
55,41,20,40,10
56,41,20,40,10
57,41,20,40,10
58,41,20,40,10
59,41,20,40,10
60,41,60,40,20
61,41,60,40,20
62,41,60,40,20
63,41,60,40,20
0,42,60,40,20
1,42,60,40,20
2,42,60,40,20
3,42,60,40,20
4,42,20,40,10
5,42,20,40,10
6,42,20,40,10
7,42,20,40,10
8,42,20,40,10
9,42,20,40,10
10,42,20,40,10
11,42,20,40,10
12,42,20,40,10
13,42,20,40,10
14,42,20,40,10
15,42,60,40,20
16,42,60,40,20
17,42,60,40,20
18,42,160,120,60
19,42,160,120,60
20,42,160,120,60
21,42,160,120,60
22,42,160,120,60
23,42,160,120,60
24,42,160,120,60
25,42,160,120,60
26,42,160,120,60
27,42,160,120,60
28,42,160,120,60
29,42,160,120,60
30,42,160,120,60
31,42,160,120,60
32,42,160,120,60
33,42,160,120,60
34,42,160,120,60
35,42,160,120,60
36,42,160,120,60
37,42,160,120,60
38,42,160,120,60
39,42,160,120,60
40,42,160,120,60
41,42,160,120,60
42,42,160,120,60
43,42,160,120,60
44,42,160,120,60
45,42,160,120,60
46,42,60,40,20
47,42,60,40,20
48,42,60,40,20
49,42,60,40,20
50,42,20,40,10
51,42,20,40,10
52,42,20,40,10
53,42,20,40,10
54,42,20,40,10
55,42,20,40,10
56,42,20,40,10
57,42,20,40,10
58,42,20,40,10
59,42,20,40,10
60,42,20,40,10
61,42,20,40,10
62,42,60,40,20
63,42,60,40,20
0,43,20,40,10
1,43,20,40,10
2,43,20,40,10
3,43,20,40,10
4,43,20,40,10
5,43,20,40,10
6,43,20,40,10
7,43,20,40,10
8,43,20,40,10
9,43,20,40,10
10,43,20,40,10
11,43,20,40,10
12,43,20,40,10
13,43,20,40,10
14,43,20,40,10
15,43,20,40,10
16,43,20,40,10
17,43,60,40,20
18,43,160,120,60
19,43,160,120,60
20,43,160,120,60
21,43,160,120,60
22,43,160,120,60
23,43,160,120,60
24,43,160,120,60
25,43,160,120,60
26,43,160,120,60
27,43,160,120,60
28,43,160,120,60
29,43,160,120,60
30,43,160,120,60
31,43,160,120,60
32,43,160,120,60
33,43,160,120,60
34,43,160,120,60
35,43,160,120,60
36,43,160,120,60
37,43,160,120,60
38,43,160,120,60
39,43,160,120,60
40,43,160,120,60
41,43,160,120,60
42,43,160,120,60
43,43,160,120,60
44,43,160,120,60
45,43,160,120,60
46,43,20,40,10
47,43,20,40,10
48,43,20,40,10
49,43,20,40,10
50,43,20,40,10
51,43,20,40,10
52,43,20,40,10
53,43,20,40,10
54,43,20,40,10
55,43,20,40,10
56,43,20,40,10
57,43,20,40,10
58,43,20,40,10
59,43,20,40,10
60,43,20,40,10
61,43,20,40,10
62,43,20,40,10
63,43,20,40,10
0,44,20,40,10
1,44,20,40,10
2,44,20,40,10
3,44,20,40,10
4,44,20,40,10
5,44,20,40,10
6,44,20,40,10
7,44,20,40,10
8,44,20,40,10
9,44,20,40,10
10,44,20,40,10
11,44,20,40,10
12,44,20,40,10
13,44,20,40,10
14,44,20,40,10
15,44,20,40,10
16,44,20,40,10
17,44,20,40,10
18,44,20,40,10
19,44,60,40,20
20,44,60,40,20
21,44,60,40,20
22,44,60,40,20
23,44,60,40,20
24,44,60,40,20
25,44,60,40,20
26,44,60,40,20
27,44,60,40,20
28,44,60,40,20
29,44,20,40,10
30,44,20,40,10
31,44,20,40,10
32,44,20,40,10
33,44,20,40,10
34,44,20,40,10
35,44,20,40,10
36,44,20,40,10
37,44,20,40,10
38,44,20,40,10
39,44,20,40,10
40,44,20,40,10
41,44,20,40,10
42,44,20,40,10
43,44,20,40,10
44,44,20,40,10
45,44,20,40,10
46,44,20,40,10
47,44,20,40,10
48,44,20,40,10
49,44,20,40,10
50,44,20,40,10
51,44,20,40,10
52,44,20,40,10
53,44,20,40,10
54,44,20,40,10
55,44,20,40,10
56,44,20,40,10
57,44,20,40,10
58,44,20,40,10
59,44,20,40,10
60,44,20,40,10
61,44,20,40,10
62,44,20,40,10
63,44,20,40,10
0,45,20,40,10
1,45,20,40,10
2,45,20,40,10
3,45,20,40,10
4,45,20,40,10
5,45,20,40,10
6,45,20,40,10
7,45,20,40,10
8,45,20,40,10
9,45,20,40,10
10,45,20,40,10
11,45,20,40,10
12,45,20,40,10
13,45,20,40,10
14,45,20,40,10
15,45,20,40,10
16,45,20,40,10
17,45,20,40,10
18,45,20,40,10
19,45,20,40,10
20,45,20,40,10
21,45,60,40,20
22,45,60,40,20
23,45,60,40,20
24,45,60,40,20
25,45,60,40,20
26,45,60,40,20
27,45,20,40,10
28,45,20,40,10
29,45,20,40,10
30,45,20,40,10
31,45,20,40,10
32,45,20,40,10
33,45,20,40,10
34,45,20,40,10
35,45,20,40,10
36,45,20,40,10
37,45,20,40,10
38,45,20,40,10
39,45,20,40,10
40,45,20,40,10
41,45,20,40,10
42,45,20,40,10
43,45,20,40,10
44,45,20,40,10
45,45,20,40,10
46,45,20,40,10
47,45,20,40,10
48,45,20,40,10
49,45,20,40,10
50,45,20,40,10
51,45,20,40,10
52,45,20,40,10
53,45,20,40,10
54,45,20,40,10
55,45,20,40,10
56,45,20,40,10
57,45,20,40,10
58,45,20,40,10
59,45,20,40,10
60,45,20,40,10
61,45,20,40,10
62,45,20,40,10
63,45,20,40,10
0,46,20,40,10
1,46,20,40,10
2,46,20,40,10
3,46,20,40,10
4,46,20,40,10
5,46,20,40,10
6,46,20,40,10
7,46,20,40,10
8,46,20,40,10
9,46,20,40,10
10,46,231,136,27
11,46,228,135,27
12,46,226,133,26
13,46,224,132,26
14,46,221,130,26
15,46,219,129,25
16,46,216,128,25
17,46,214,126,25
18,46,211,125,24
19,46,209,123,24
20,46,207,122,24
21,46,204,120,23
22,46,202,119,23
23,46,199,118,23
24,46,197,116,23
25,46,194,115,22
26,46,192,113,22
27,46,190,112,22
28,46,187,111,21
29,46,185,109,21
30,46,182,108,21
31,46,180,106,20
32,46,178,105,20
33,46,175,104,20
34,46,173,102,19
35,46,170,101,19
36,46,168,99,19
37,46,165,98,18
38,46,163,97,18
39,46,161,95,18
40,46,158,94,18
41,46,156,92,17
42,46,153,91,17
43,46,151,90,17
44,46,148,88,16
45,46,146,87,16
46,46,144,85,16
47,46,141,84,15
48,46,139,83,15
49,46,136,81,15
50,46,134,80,14
51,46,131,78,14
52,46,129,77,14
53,46,127,75,13
54,46,124,74,13
55,46,20,40,10
56,46,20,40,10
57,46,20,40,10
58,46,20,40,10
59,46,20,40,10
60,46,20,40,10
61,46,20,40,10
62,46,20,40,10
63,46,20,40,10
0,47,20,40,10
1,47,20,40,10
2,47,20,40,10
3,47,20,40,10
4,47,20,40,10
5,47,20,40,10
6,47,20,40,10
7,47,20,40,10
8,47,20,40,10
9,47,20,40,10
10,47,80,50,20
11,47,80,50,20
12,47,80,50,20
13,47,80,50,20
14,47,80,50,20
15,47,80,50,20
16,47,80,50,20
17,47,80,50,20
18,47,80,50,20
19,47,80,50,20
20,47,80,50,20
21,47,80,50,20
22,47,80,50,20
23,47,80,50,20
24,47,80,50,20
25,47,80,50,20
26,47,80,50,20
27,47,80,50,20
28,47,80,50,20
29,47,80,50,20
30,47,80,50,20
31,47,80,50,20
32,47,80,50,20
33,47,80,50,20
34,47,80,50,20
35,47,80,50,20
36,47,80,50,20
37,47,80,50,20
38,47,80,50,20
39,47,80,50,20
40,47,80,50,20
41,47,80,50,20
42,47,80,50,20
43,47,80,50,20
44,47,80,50,20
45,47,80,50,20
46,47,80,50,20
47,47,80,50,20
48,47,80,50,20
49,47,80,50,20
50,47,80,50,20
51,47,80,50,20
52,47,80,50,20
53,47,80,50,20
54,47,80,50,20
55,47,20,40,10
56,47,20,40,10
57,47,20,40,10
58,47,20,40,10
59,47,20,40,10
60,47,20,40,10
61,47,20,40,10
62,47,20,40,10
63,47,20,40,10